                                                  [38;2;19;93;40m⢀[38;2;12;212;69m⣀[38;2;7;208;66m⣤[38;2;3;214;66m⣴[38;2;2;223;67m⣶[38;2;4;204;63m⣿[38;2;3;218;66m⣿[38;2;8;190;62m⣷[0m
                                               [38;2;14;152;55m⣀[38;2;6;213;67m⣤[38;2;6;204;63m⣾[38;2;1;223;67m⣿[38;2;0;225;67m⣿[38;2;0;224;66m⣿[38;2;0;225;67m⣿⣿⣿[38;2;0;223;66m⣿[38;2;4;190;60m⣿[0m
                                            [38;2;19;91;39m⢀[38;2;6;228;70m⣠[38;2;4;212;66m⣾[38;2;0;226;67m⣿[38;2;0;224;66m⣿[38;2;0;225;67m⣿⣿⣿⣿⣿⣿⣿[38;2;0;224;66m⣿[38;2;7;189;61m⡟[0m
                                           [38;2;9;196;63m⣰[38;2;3;211;64m⣿[38;2;0;224;66m⣿[38;2;0;225;67m⣿⣿⣿⣿⣿⣿⣿⣿⣿⣿[38;2;1;228;68m⣿[38;2;15;146;54m⠇[0m
                                         [38;2;13;158;56m⢠[38;2;4;216;67m⣾[38;2;0;225;66m⣿[38;2;0;225;67m⣿⣿⣿⣿⣿⣿⣿⣿⣿⣿⣿[38;2;0;225;66m⣿[38;2;9;192;62m⡟[0m
                                        [38;2;12;180;61m⣠[38;2;2;220;67m⣿[38;2;0;224;66m⣿[38;2;0;225;67m⣿⣿⣿⣿⣿⣿⣿⣿⣿⣿⣿⣿[38;2;6;217;68m⡟[0m
                                       [38;2;12;171;60m⢰[38;2;1;224;67m⣿[38;2;0;224;67m⣿[38;2;0;225;67m⣿⣿⣿⣿⣿⣿⣿⣿⣿⣿⣿[38;2;0;226;67m⣿[38;2;9;196;64m⡟[0m
                                      [38;2;19;132;51m⢀[38;2;3;218;67m⣿[38;2;0;224;66m⣿[38;2;0;225;67m⣿⣿⣿⣿⣿⣿⣿⣿⣿⣿[38;2;0;224;66m⣿[38;2;4;213;66m⣿[38;2;10;207;68m⠋[0m
                                      [38;2;9;194;63m⣸[38;2;0;225;66m⣿[38;2;0;225;67m⣿⣿⣿⣿⣿⣿⣿⣿⣿[38;2;0;224;66m⣿[38;2;3;216;66m⣿[38;2;8;199;64m⠟[38;2;21;132;54m⠁[0m
                                      [38;2;8;193;62m⣿[38;2;0;223;66m⣿[38;2;0;225;67m⣿⣿⣿⣿⣿[38;2;0;224;67m⣿[38;2;0;224;66m⣿[38;2;1;224;67m⣿[38;2;3;216;67m⠿[38;2;8;222;70m⠋[38;2;21;94;42m⠁[0m
                    [38;2;15;130;49m⣀[38;2;14;193;66m⣀[38;2;8;219;70m⣀[38;2;6;228;72m⣀[38;2;7;228;73m⣀[38;2;9;214;69m⣀[38;2;13;181;62m⣀[38;2;16;117;45m⣀[0m          [38;2;7;188;61m⣿[38;2;0;223;66m⣿[38;2;0;225;67m⣿[38;2;0;228;67m⣿[38;2;1;226;68m⣿[38;2;3;211;64m⣿[38;2;3;222;67m⠿[38;2;6;202;63m⠟[38;2;12;196;66m⠋[38;2;20;121;49m⠁[0m      [38;2;18;92;38m⢀[38;2;16;145;52m⣀[38;2;12;194;66m⣀[38;2;8;219;69m⣀[38;2;7;228;72m⣀[38;2;3;228;70m⣀[38;2;8;222;72m⣀[38;2;12;194;64m⣀[38;2;18;138;52m⣀[0m
              [38;2;20;178;66m⢀[38;2;8;211;67m⣠[38;2;6;206;64m⣴[38;2;3;220;67m⣶[38;2;4;208;64m⣿[38;2;1;225;67m⣿[38;2;0;228;67m⣿[38;2;0;226;67m⣿[38;2;0;225;66m⣿[38;2;0;224;66m⣿[38;2;0;225;66m⣿[38;2;0;225;67m⣿[38;2;0;226;67m⣿[38;2;0;228;67m⣿[38;2;1;224;67m⣿[38;2;3;207;63m⣿[38;2;2;222;67m⣶[38;2;6;212;66m⣦[38;2;8;201;64m⣤[38;2;10;214;70m⣀[38;2;20;124;49m⡀[0m   [38;2;15;237;81m⠈[38;2;9;222;72m⠉[38;2;10;204;67m⠉[38;2;16;154;56m⠉[38;2;18;92;38m⠁[0m     [38;2;18;141;52m⣀[38;2;9;199;64m⣠[38;2;4;222;68m⣤[38;2;6;208;66m⣶[38;2;3;211;64m⣾[38;2;3;217;66m⣿[38;2;1;226;68m⣿[38;2;0;228;67m⣿[38;2;0;226;67m⣿[38;2;0;225;66m⣿[38;2;0;224;66m⣿[38;2;0;225;66m⣿⣿[38;2;0;226;67m⣿[38;2;0;228;67m⣿[38;2;1;225;67m⣿[38;2;3;210;64m⣿[38;2;3;222;67m⣶[38;2;6;207;64m⣦[38;2;7;213;67m⣄[38;2;19;186;67m⡀[0m
           [38;2;14;188;64m⣀[38;2;7;206;66m⣴[38;2;3;218;67m⣾[38;2;0;226;67m⣿[38;2;0;224;66m⣿[38;2;0;225;67m⣿⣿⣿⣿⣿⣿⣿⣿⣿⣿⣿⣿⣿⣿⣿⣿[38;2;0;224;66m⣿[38;2;0;225;66m⣿[38;2;0;226;68m⣿[38;2;3;208;64m⣿[38;2;3;222;67m⣶[38;2;3;212;66m⣦[38;2;6;219;68m⣤[38;2;8;194;62m⣤[38;2;8;170;56m⣤[38;2;2;240;73m⣀[38;2;6;195;62m⣠[38;2;8;194;62m⣤[38;2;4;220;68m⣤[38;2;6;196;62m⣶[38;2;2;225;68m⣶[38;2;3;217;66m⣿[38;2;0;228;67m⣿[38;2;0;224;66m⣿[38;2;0;224;67m⣿[38;2;0;225;67m⣿⣿⣿⣿⣿⣿⣿⣿⣿⣿⣿⣿⣿⣿⣿⣿[38;2;0;224;66m⣿[38;2;0;226;67m⣿[38;2;2;220;67m⣷[38;2;6;210;66m⣦[38;2;15;159;57m⣄[0m
        [38;2;20;126;51m⢀[38;2;8;202;64m⣤[38;2;3;220;67m⣾[38;2;0;226;67m⣿[38;2;0;224;67m⣿[38;2;0;225;67m⣿⣿⣿⣿⣿⣿⣿⣿⣿⣿⣿⣿⣿⣿⣿⣿⣿⣿⣿⣿⣿⣿⣿⣿⣿[38;2;0;224;67m⣿[38;2;0;224;66m⣿⣿⣿⣿⣿[38;2;0;224;67m⣿[38;2;0;225;67m⣿⣿⣿⣿⣿⣿⣿⣿⣿⣿⣿⣿⣿⣿⣿⣿⣿⣿⣿⣿⣿⣿⣿⣿⣿[38;2;0;224;67m⣿[38;2;0;225;67m⣿[38;2;3;223;68m⣷[38;2;9;183;60m⣦[38;2;21;144;57m⡀[0m
      [38;2;21;117;49m⢀[38;2;9;198;64m⣴[38;2;2;218;66m⣿[38;2;0;224;66m⣿[38;2;0;225;67m⣿⣿⣿⣿⣿⣿⣿⣿⣿⣿⣿⣿⣿⣿⣿⣿⣿⣿⣿⣿⣿⣿⣿⣿⣿⣿⣿⣿⣿⣿⣿⣿⣿⣿⣿⣿⣿⣿⣿⣿⣿⣿⣿⣿⣿⣿⣿⣿⣿⣿⣿⣿⣿⣿⣿⣿⣿⣿⣿⣿⣿⣿⣿[38;2;0;224;66m⣿[38;2;2;219;67m⣿[38;2;9;204;66m⣦[38;2;22;136;56m⡀[0m
     [38;2;10;206;68m⣠[38;2;3;211;64m⣿[38;2;0;224;66m⣿[38;2;0;225;67m⣿⣿⣿⣿⣿⣿⣿⣿⣿⣿⣿⣿⣿⣿⣿⣿⣿⣿⣿⣿⣿⣿⣿⣿⣿⣿⣿⣿⣿⣿⣿⣿⣿⣿⣿⣿⣿⣿⣿⣿⣿⣿⣿⣿⣿⣿⣿⣿⣿⣿⣿⣿⣿⣿⣿⣿⣿⣿⣿⣿⣿⣿⣿⣿⣿⣿[38;2;0;224;66m⣿[38;2;1;224;67m⣿[38;2;10;190;63m⡿[38;2;22;87;40m⠂[0m
   [38;2;144;110;19m⢀[38;2;157;202;32m⣼[38;2;116;225;42m⣿[38;2;116;223;42m⣿⣿⣿⣿⣿⣿⣿⣿⣿⣿⣿⣿⣿⣿⣿⣿⣿⣿⣿⣿⣿⣿⣿⣿⣿[38;2;114;224;43m⣿⣿⣿⣿⣿⣿⣿⣿⣿⣿⣿⣿⣿⣿⣿⣿⣿⣿⣿⣿⣿⣿⣿⣿⣿⣿⣿⣿⣿⣿⣿⣿⣿⣿⣿⣿⣿⣿⣿⣿⣿⣿[38;2;73;214;52m⡿[38;2;9;195;63m⠛[38;2;16;151;56m⠁[0m
  [38;2;177;135;19m⢀[38;2;255;212;4m⣾[38;2;255;220;0m⣿[38;2;255;222;0m⣿⣿⣿⣿⣿⣿⣿⣿⣿⣿⣿⣿⣿⣿⣿⣿⣿⣿⣿⣿⣿⣿⣿⣿⣿⣿⣿⣿⣿⣿⣿⣿⣿⣿⣿⣿⣿⣿⣿⣿⣿⣿⣿⣿⣿⣿⣿⣿⣿⣿⣿⣿⣿⣿⣿⣿⣿⣿⣿⣿⣿⣿⣿⣿⣿⣿[38;2;255;212;4m⡿[38;2;238;186;13m⠋[0m
  [38;2;255;202;7m⣾[38;2;255;220;0m⣿[38;2;255;222;0m⣿⣿⣿⣿⣿⣿⣿⣿⣿⣿⣿⣿⣿⣿⣿⣿⣿⣿⣿⣿⣿⣿⣿⣿⣿⣿⣿⣿⣿⣿⣿⣿⣿⣿⣿⣿⣿⣿⣿⣿⣿⣿⣿⣿⣿⣿⣿⣿⣿⣿⣿⣿⣿⣿⣿⣿⣿⣿⣿⣿⣿⣿⣿⣿[38;2;255;220;0m⣿[38;2;255;219;2m⣿[38;2;230;175;12m⠟[0m
 [38;2;243;184;9m⣸[38;2;255;223;0m⣿[38;2;255;222;0m⣿⣿⣿⣿⣿⣿⣿⣿⣿⣿⣿⣿⣿⣿⣿⣿⣿⣿⣿⣿⣿⣿⣿⣿⣿⣿⣿⣿⣿⣿⣿⣿⣿⣿⣿⣿⣿⣿⣿⣿⣿⣿⣿⣿⣿⣿⣿⣿⣿⣿⣿⣿⣿⣿⣿⣿⣿⣿⣿⣿⣿⣿⣿⣿[38;2;255;220;0m⣿[38;2;255;211;2m⣿[38;2;248;188;14m⠃[0m
[38;2;130;100;16m⢠[38;2;255;220;2m⣿[38;2;255;220;0m⣿[38;2;255;222;0m⣿⣿⣿⣿⣿⣿⣿⣿⣿⣿⣿⣿⣿⣿⣿⣿⣿⣿⣿⣿⣿⣿⣿⣿⣿⣿⣿⣿⣿⣿⣿⣿⣿⣿⣿⣿⣿⣿⣿⣿⣿⣿⣿⣿⣿⣿⣿⣿⣿⣿⣿⣿⣿⣿⣿⣿⣿⣿⣿⣿⣿⣿⣿[38;2;255;220;0m⣿[38;2;255;219;2m⣿[38;2;234;175;14m⠃[0m
[38;2;236;176;10m⣸[38;2;255;223;0m⣿[38;2;255;220;0m⣿⣿⣿⣿⣿⣿⣿⣿⣿⣿⣿⣿⣿⣿⣿⣿⣿⣿⣿⣿⣿⣿⣿⣿⣿⣿⣿⣿⣿⣿⣿⣿⣿⣿⣿⣿⣿⣿⣿⣿⣿⣿⣿⣿⣿⣿⣿⣿⣿⣿⣿⣿⣿⣿⣿⣿⣿⣿⣿⣿⣿⣿⣿⣿[38;2;255;223;0m⣿[38;2;231;176;13m⡏[0m
[38;2;243;152;7m⣿[38;2;255;182;0m⣿[38;2;255;183;0m⣿⣿⣿⣿⣿⣿⣿⣿⣿⣿⣿⣿⣿⣿⣿⣿⣿⣿⣿⣿⣿⣿⣿⣿⣿⣿⣿⣿⣿⣿⣿⣿⣿⣿⣿⣿⣿⣿⣿⣿⣿⣿⣿⣿⣿⣿⣿⣿⣿⣿⣿⣿⣿⣿⣿⣿⣿⣿⣿⣿⣿⣿⣿[38;2;255;182;0m⣿[38;2;255;182;3m⣿[38;2;104;81;16m⠁[0m
[38;2;255;154;6m⣿[38;2;255;156;1m⣿[38;2;255;157;1m⣿⣿⣿⣿⣿⣿⣿⣿⣿⣿⣿⣿⣿⣿⣿⣿⣿⣿⣿⣿⣿⣿⣿⣿⣿⣿⣿⣿⣿⣿⣿⣿⣿⣿⣿⣿⣿⣿⣿⣿⣿⣿⣿⣿⣿⣿⣿⣿⣿⣿⣿⣿⣿⣿⣿⣿⣿⣿⣿⣿⣿⣿⣿[38;2;255;156;1m⣿[38;2;242;134;8m⣿[0m
[38;2;255;157;1m⣿⣿⣿⣿⣿⣿⣿⣿⣿⣿⣿⣿⣿⣿⣿⣿⣿⣿⣿⣿⣿⣿⣿⣿⣿⣿⣿⣿⣿⣿⣿⣿⣿⣿⣿⣿⣿⣿⣿⣿⣿⣿⣿⣿⣿⣿⣿⣿⣿⣿⣿⣿⣿⣿⣿⣿⣿⣿⣿⣿⣿⣿⣿⣿⣿[38;2;255;156;1m⣿[38;2;231;127;6m⣿[0m
[38;2;255;157;3m⣿[38;2;255;157;1m⣿⣿⣿⣿⣿⣿⣿⣿⣿⣿⣿⣿⣿⣿⣿⣿⣿⣿⣿⣿⣿⣿⣿⣿⣿⣿⣿⣿⣿⣿⣿⣿⣿⣿⣿⣿⣿⣿⣿⣿⣿⣿⣿⣿⣿⣿⣿⣿⣿⣿⣿⣿⣿⣿⣿⣿⣿⣿⣿⣿⣿⣿⣿⣿[38;2;255;156;1m⣿[38;2;255;148;6m⣿[0m
[38;2;255;146;6m⣿[38;2;255;156;1m⣿[38;2;255;157;1m⣿⣿⣿⣿⣿⣿⣿⣿⣿⣿⣿⣿⣿⣿⣿⣿⣿⣿⣿⣿⣿⣿⣿⣿⣿⣿⣿⣿⣿⣿⣿⣿⣿⣿⣿⣿⣿⣿⣿⣿⣿⣿⣿⣿⣿⣿⣿⣿⣿⣿⣿⣿⣿⣿⣿⣿⣿⣿⣿⣿⣿⣿⣿⣿[38;2;255;159;1m⣿[38;2;213;118;13m⡆[0m
[38;2;231;128;7m⢿[38;2;255;156;0m⣿[38;2;255;157;0m⣿⣿⣿⣿⣿⣿⣿⣿⣿⣿⣿⣿⣿⣿⣿⣿⣿⣿⣿⣿⣿⣿⣿⣿⣿⣿⣿⣿⣿⣿⣿⣿⣿⣿⣿⣿⣿⣿⣿⣿⣿⣿⣿⣿⣿⣿⣿⣿⣿⣿⣿⣿⣿⣿⣿⣿⣿⣿⣿⣿⣿⣿⣿⣿[38;2;255;156;0m⣿[38;2;255;152;4m⣷[38;2;97;62;13m⡀[0m
[38;2;225;76;48m⢸[38;2;255;87;56m⣿[38;2;255;86;55m⣿⣿⣿⣿⣿⣿⣿⣿⣿⣿⣿⣿⣿⣿⣿⣿⣿⣿⣿⣿⣿⣿⣿⣿⣿⣿⣿⣿⣿⣿⣿⣿⣿⣿⣿⣿⣿⣿⣿⣿⣿⣿⣿⣿⣿⣿⣿⣿⣿⣿⣿⣿⣿⣿⣿⣿⣿⣿⣿⣿⣿⣿⣿⣿⣿[38;2;255;87;55m⣿[38;2;255;75;63m⣧[0m
 [38;2;255;66;72m⣿⣿⣿⣿⣿⣿⣿⣿⣿⣿⣿⣿⣿⣿⣿⣿⣿⣿⣿⣿⣿⣿⣿⣿⣿⣿⣿⣿⣿⣿⣿⣿⣿⣿⣿⣿⣿⣿⣿⣿⣿⣿⣿⣿⣿⣿⣿⣿⣿⣿⣿⣿⣿⣿⣿⣿⣿⣿⣿⣿⣿⣿⣿⣿⣿⣿⣿⣿⣧[38;2;169;51;54m⡀[0m
 [38;2;255;62;68m⢹[38;2;255;64;72m⣿[38;2;255;66;72m⣿⣿⣿⣿⣿⣿⣿⣿⣿⣿⣿⣿⣿⣿⣿⣿⣿⣿⣿⣿⣿⣿⣿⣿⣿⣿⣿⣿⣿⣿⣿⣿⣿⣿⣿⣿⣿⣿⣿⣿⣿⣿⣿⣿⣿⣿⣿⣿⣿⣿⣿⣿⣿⣿⣿⣿⣿⣿⣿⣿⣿⣿⣿⣿⣿⣿[38;2;255;64;70m⣿[38;2;255;67;73m⣷[38;2;249;64;70m⣄[0m
 [38;2;158;46;50m⠈[38;2;255;66;72m⣿[38;2;255;64;70m⣿[38;2;255;66;72m⣿⣿⣿⣿⣿⣿⣿⣿⣿⣿⣿⣿⣿⣿⣿⣿⣿⣿⣿⣿⣿⣿⣿⣿⣿⣿⣿⣿⣿⣿⣿⣿⣿⣿⣿⣿⣿⣿⣿⣿⣿⣿⣿⣿⣿⣿⣿⣿⣿⣿⣿⣿⣿⣿⣿⣿⣿⣿⣿⣿⣿⣿⣿⣿⣿⣿⣿⣿[38;2;255;63;69m⣷[38;2;241;63;68m⣄[0m
  [38;2;234;60;64m⢸[38;2;255;66;72m⣿⣿⣿⣿⣿⣿⣿⣿⣿⣿⣿⣿⣿⣿⣿⣿⣿⣿⣿⣿⣿⣿⣿⣿⣿⣿⣿⣿⣿⣿⣿⣿⣿⣿⣿⣿⣿⣿⣿⣿⣿⣿⣿⣿⣿⣿⣿⣿⣿⣿⣿⣿⣿⣿⣿⣿⣿⣿⣿⣿⣿⣿⣿⣿⣿⣿⣿⣿⣿⣿⣿[38;2;255;67;73m⣷[38;2;255;62;67m⣦[38;2;234;62;67m⣀[0m
   [38;2;255;66;72m⢻[38;2;255;64;69m⣿[38;2;255;66;70m⣿⣿⣿⣿⣿⣿⣿⣿⣿⣿⣿⣿⣿⣿⣿⣿⣿⣿⣿⣿⣿⣿⣿⣿⣿⣿⣿⣿⣿⣿⣿⣿⣿⣿⣿⣿⣿⣿⣿⣿⣿⣿⣿⣿⣿⣿⣿⣿⣿⣿⣿⣿⣿⣿⣿⣿⣿⣿⣿⣿⣿⣿⣿⣿⣿⣿⣿⣿⣿⣿⣿⣿[38;2;255;63;68m⣿⣶[38;2;255;66;69m⣤[0m
   [38;2;140;49;86m⠈[38;2;213;72;175m⢿[38;2;213;69;177m⣿⣿⣿⣿⣿⣿⣿⣿⣿⣿⣿⣿⣿⣿⣿⣿⣿⣿⣿⣿⣿⣿⣿⣿⣿⣿⣿⣿⣿⣿⣿⣿⣿⣿⣿⣿⣿⣿⣿⣿⣿⣿⣿⣿⣿⣿⣿⣿⣿⣿⣿⣿⣿⣿⣿⣿⣿⣿⣿⣿⣿⣿⣿⣿⣿⣿⣿⣿⣿⣿⣿⣿⣿[38;2;211;70;176m⣿[38;2;186;66;141m⠃[0m
    [38;2;141;60;128m⠘[38;2;198;69;177m⣿[38;2;206;69;184m⣿[38;2;207;70;186m⣿⣿⣿⣿⣿⣿⣿⣿⣿⣿⣿⣿⣿⣿⣿⣿⣿⣿⣿⣿⣿⣿⣿⣿⣿⣿⣿⣿⣿⣿⣿⣿⣿⣿⣿⣿⣿⣿⣿⣿⣿⣿⣿⣿⣿⣿⣿⣿⣿⣿⣿⣿⣿⣿⣿⣿⣿⣿⣿⣿⣿⣿⣿⣿⣿⣿⣿⣿⣿[38;2;206;70;184m⣿[38;2;205;70;184m⣿[38;2;194;74;175m⠃[0m
     [38;2;163;64;147m⠘[38;2;199;68;178m⣿[38;2;206;69;184m⣿[38;2;207;70;186m⣿⣿⣿⣿⣿⣿⣿⣿⣿⣿⣿⣿⣿⣿⣿⣿⣿⣿⣿⣿⣿⣿⣿⣿⣿⣿⣿⣿⣿⣿⣿⣿⣿⣿⣿⣿⣿⣿⣿⣿⣿⣿⣿⣿⣿⣿⣿⣿⣿⣿⣿⣿⣿⣿⣿⣿⣿⣿⣿⣿⣿⣿⣿⣿⣿⣿⣿[38;2;206;70;184m⣿[38;2;204;69;182m⣿[38;2;198;76;178m⠃[0m
      [38;2;156;63;141m⠘[38;2;194;68;174m⣿[38;2;206;69;184m⣿[38;2;207;70;186m⣿⣿⣿⣿⣿⣿⣿⣿⣿⣿⣿⣿⣿⣿⣿⣿⣿⣿⣿⣿⣿⣿⣿⣿⣿⣿⣿⣿⣿⣿⣿⣿⣿⣿⣿⣿⣿⣿⣿⣿⣿⣿⣿⣿⣿⣿⣿⣿⣿⣿⣿⣿⣿⣿⣿⣿⣿⣿⣿⣿⣿⣿⣿⣿⣿[38;2;206;69;184m⣿[38;2;195;68;175m⣿[38;2;175;68;158m⠃[0m
       [38;2;174;72;157m⠈[38;2;200;70;180m⢿[38;2;206;69;184m⣿[38;2;207;70;186m⣿⣿⣿⣿⣿⣿⣿⣿⣿⣿⣿⣿⣿⣿⣿⣿⣿⣿⣿⣿⣿⣿⣿⣿⣿⣿⣿⣿⣿⣿⣿⣿⣿⣿⣿⣿⣿⣿⣿⣿⣿⣿⣿⣿⣿⣿⣿⣿⣿⣿⣿⣿⣿⣿⣿⣿⣿⣿⣿⣿⣿⣿⣿[38;2;207;69;186m⣿[38;2;196;70;176m⡿[38;2;174;70;157m⠁[0m
        [38;2;90;45;82m⠈[38;2;182;68;166m⢻[38;2;193;79;192m⣿[38;2;192;79;192m⣿⣿⣿⣿⣿⣿⣿⣿⣿⣿⣿⣿⣿⣿⣿⣿⣿⣿⣿⣿⣿⣿⣿⣿⣿⣿⣿⣿⣿⣿⣿⣿⣿⣿⣿⣿⣿⣿⣿⣿⣿⣿⣿⣿⣿⣿⣿⣿⣿⣿⣿⣿⣿⣿⣿⣿⣿⣿⣿⣿⣿[38;2;193;79;192m⣿[38;2;194;70;174m⠟[0m
          [38;2;6;157;216m⠹[38;2;2;186;255m⣿[38;2;0;189;255m⣿[38;2;0;190;255m⣿⣿⣿⣿⣿⣿⣿⣿⣿⣿⣿⣿⣿⣿⣿⣿⣿⣿⣿⣿⣿⣿⣿⣿⣿⣿⣿⣿⣿⣿⣿⣿⣿⣿⣿⣿⣿⣿⣿⣿⣿⣿⣿⣿⣿⣿⣿⣿⣿⣿⣿⣿⣿⣿⣿⣿⣿[38;2;0;189;255m⣿[38;2;3;181;254m⣿[38;2;3;166;228m⠋[0m
           [38;2;12;176;242m⠈[38;2;4;170;238m⢿[38;2;0;189;255m⣿⣿⣿⣿⣿⣿⣿⣿⣿⣿⣿⣿⣿⣿⣿⣿⣿⣿⣿⣿⣿⣿⣿⣿⣿⣿⣿⣿⣿⣿⣿⣿⣿⣿⣿⣿⣿⣿⣿⣿⣿⣿⣿⣿⣿⣿⣿⣿⣿⣿⣿⣿⣿⣿⣿⣿⣿[38;2;4;174;243m⡟[38;2;13;142;194m⠁[0m
             [38;2;7;182;253m⠙[38;2;1;190;255m⢿[38;2;0;188;255m⣿[38;2;0;189;255m⣿⣿⣿⣿⣿⣿⣿⣿⣿⣿⣿⣿⣿⣿⣿⣿⣿⣿⣿⣿⣿⣿⣿⣿⣿⣿⣿⣿⣿⣿⣿⣿⣿⣿⣿⣿⣿⣿⣿⣿⣿⣿⣿⣿⣿⣿⣿⣿⣿⣿⣿⣿[38;2;2;187;255m⡿[38;2;8;158;219m⠋[0m
              [38;2;16;87;114m⠈[38;2;7;157;218m⠻[38;2;2;177;250m⣿[38;2;0;188;255m⣿[38;2;0;189;255m⣿⣿⣿⣿⣿⣿⣿⣿⣿⣿⣿⣿⣿⣿⣿⣿⣿⣿[38;2;0;188;255m⣿⣿[38;2;0;190;255m⣿[38;2;0;192;255m⣿⣿[38;2;0;190;255m⣿[38;2;0;192;255m⣿⣿⣿[38;2;0;189;255m⣿[38;2;0;188;255m⣿⣿[38;2;0;189;255m⣿⣿⣿⣿⣿⣿⣿⣿⣿⣿⣿⣿⣿⣿⣿⣿⣿⣿[38;2;1;188;255m⡿[38;2;3;189;255m⠋[0m
                 [38;2;6;186;255m⠙[38;2;3;169;236m⢿[38;2;1;189;255m⣿[38;2;0;188;255m⣿[38;2;0;189;255m⣿⣿⣿⣿⣿⣿⣿⣿⣿⣿[38;2;0;188;255m⣿[38;2;0;190;255m⣿[38;2;2;177;250m⣿[38;2;2;183;255m⠿[38;2;4;169;236m⠟[38;2;6;160;224m⠛[38;2;4;190;255m⠉[38;2;8;147;205m⠉[38;2;12;105;142m⠉[38;2;12;81;109m⠁[38;2;22;75;93m⠁[0m [38;2;10;87;118m⠉[38;2;10;126;174m⠉[38;2;7;174;242m⠉[38;2;4;169;236m⠙[38;2;3;182;255m⠛[38;2;3;171;241m⠿[38;2;2;183;255m⢿[38;2;0;190;255m⣿[38;2;0;188;255m⣿⣿[38;2;0;189;255m⣿⣿⣿⣿⣿⣿⣿⣿⣿[38;2;0;188;255m⣿[38;2;1;188;255m⣿[38;2;2;177;249m⠿[38;2;9;171;237m⠋[0m
                   [38;2;15;129;175m⠈[38;2;8;178;248m⠙[38;2;3;175;246m⠻[38;2;1;186;255m⠿[38;2;2;174;243m⣿[38;2;1;186;255m⣿[38;2;0;189;255m⣿⣿[38;2;2;184;255m⣿[38;2;2;169;237m⣿[38;2;2;183;255m⠿[38;2;4;172;242m⠟[38;2;4;178;249m⠋[38;2;12;120;163m⠉[0m                 [38;2;13;117;159m⠈[38;2;7;162;225m⠙[38;2;3;187;255m⠛[38;2;3;178;250m⠿[38;2;1;178;252m⢿[38;2;2;181;255m⣿[38;2;1;188;255m⣿[38;2;0;189;255m⣿[38;2;1;186;255m⣿[38;2;2;172;242m⣿[38;2;2;186;255m⠿[38;2;3;172;242m⠟[38;2;9;171;238m⠋[38;2;14;105;142m⠁[0m