[0m
[0m
[0m
                                  [38;2;21;139;196m⢰[38;2;26;170;242m⣷[38;2;13;81;116m⡀[0m
                                 [38;2;19;123;175m⢠[38;2;26;171;244m⣿[38;2;27;175;249m⣿[38;2;25;168;238m⣧[0m
                                [38;2;15;99;140m⢀[38;2;26;174;247m⣾[38;2;27;175;249m⣿[38;2;27;176;250m⣿[38;2;27;176;252m⣿[38;2;22;146;207m⣧[0m
                                [38;2;26;170;243m⣼[38;2;27;175;249m⣿[38;2;27;176;250m⣿⣿⣿[38;2;27;177;252m⣿[38;2;22;151;214m⣆[0m
                               [38;2;22;147;210m⣼[38;2;27;176;250m⣿⣿⣿⣿⣿[38;2;27;176;249m⣿[38;2;27;176;252m⣿[38;2;22;144;204m⡆[0m
                              [38;2;24;154;219m⣰[38;2;27;177;252m⣿[38;2;27;176;250m⣿⣿⣿⣿⣿⣿[38;2;27;175;249m⣿[38;2;26;174;248m⣿[38;2;24;154;219m⡄[0m                                                                   [38;2;150;150;150m⣀[38;2;255;255;255m⣀[38;2;218;218;218m⣤[38;2;255;255;255m⣤[38;2;96;96;96m⡄[0m                [38;2;27;178;253m⣀[38;2;24;152;216m⣤[0m    [38;2;21;141;201m⣀[0m
                             [38;2;20;133;188m⣰[38;2;27;177;252m⣿[38;2;27;176;250m⣿⣿⣿⣿⣿⣿⣿⣿[38;2;27;175;249m⣿[38;2;26;170;243m⣿[38;2;21;136;194m⡄[0m                                                                 [38;2;255;255;255m⢸⣿⣿⣿⣿[38;2;96;96;96m⡇[0m                [38;2;27;176;250m⣿[38;2;26;174;247m⣿[0m   [38;2;25;159;228m⠘[38;2;24;154;220m⣿[38;2;21;140;199m⠗[0m
                            [38;2;19;121;172m⠠[38;2;26;174;247m⣿[38;2;27;175;249m⣿[38;2;27;176;250m⣿⣿⣿⣿⣿⣿⣿⣿⣿[38;2;27;175;249m⣿[38;2;26;168;238m⣿[38;2;19;122;175m⡄[0m                                                                [38;2;255;255;255m⢸⣿⣿⣿⣿[38;2;98;98;98m⡇[0m                [38;2;27;176;249m⣿[38;2;27;175;248m⣿[0m
                           [38;2;24;157;223m⢠[38;2;19;123;176m⣄[38;2;24;148;212m⠈[38;2;25;168;237m⠻[38;2;26;172;246m⣿[38;2;27;175;249m⣿[38;2;27;176;250m⣿⣿⣿⣿⣿⣿⣿⣿[38;2;27;175;249m⣿[38;2;26;165;235m⣿[38;2;24;154;220m⡀[0m                 [38;2;199;199;199m⣠[38;2;255;255;255m⣤[38;2;240;240;240m⣶[38;2;255;255;255m⣶⣶⣶⣶⣶⣶⣦[38;2;250;250;250m⣤[38;2;202;202;202m⣀[0m     [38;2;255;255;255m⣀[38;2;213;213;213m⣤[38;2;255;255;255m⣤⣤[38;2;236;236;236m⡆[0m [38;2;202;202;202m⢀[38;2;243;243;243m⣠[38;2;255;255;255m⣤⣤[38;2;230;230;230m⣶[38;2;222;222;222m⣶[0m   [38;2;128;128;128m⣀[38;2;255;255;255m⣀[38;2;223;223;223m⣤[38;2;255;255;255m⣤⣤⣤⣤[38;2;217;217;217m⣤[38;2;255;255;255m⣀[38;2;144;144;144m⡀[0m    [38;2;255;255;255m⢸⣿⣿⣿⣿[38;2;94;94;94m⡇[38;2;76;76;76m⢀[38;2;193;193;193m⣀[38;2;255;255;255m⣀⣀⣀⣀[38;2;188;188;188m⣀[38;2;80;80;80m⡀[0m        [38;2;27;175;249m⣿⣿[0m
                          [38;2;24;156;222m⢠[38;2;26;172;246m⣿[38;2;27;176;250m⣿[38;2;26;174;247m⣷[38;2;25;160;229m⣦[38;2;24;151;214m⣈[38;2;25;163;231m⠛[38;2;27;175;249m⢿[38;2;27;176;252m⣿[38;2;27;176;249m⣿[38;2;27;176;250m⣿⣿⣿⣿⣿⣿[38;2;27;175;249m⣿[38;2;27;177;252m⣷[38;2;24;153;218m⡀[0m                [38;2;255;255;255m⣿⣿⣿⣿⣿⣿⣿⣿⣿⣿⣿⣿⣷[38;2;225;225;225m⡄[0m   [38;2;255;255;255m⣿⣿⣿⣿⣧[38;2;244;244;244m⣾[38;2;255;255;255m⣿⣿⣿⣿⣿[38;2;188;188;188m⠏[38;2;255;255;255m⢀⣴⣿⣿⣿⣿⣿⣿⣿⣿⣿⣿⣿⣷⣦[38;2;193;193;193m⣀[0m [38;2;255;255;255m⢸⣿⣿[38;2;222;222;222m⣿[38;2;220;220;220m⣫[38;2;255;255;255m⣾⣿⣿⣿⣿⣿⣿⣿⣿⣷⣦[38;2;189;189;189m⣄[0m     [38;2;27;175;249m⣿⣿[0m   [38;2;19;121;171m⢠[38;2;25;166;237m⣶[38;2;26;168;238m⡆[0m   [38;2;25;165;236m⣶[38;2;27;178;254m⣶[0m [38;2;21;136;195m⢀[38;2;25;165;235m⣤[38;2;26;171;243m⣶[38;2;25;166;237m⣿[38;2;26;175;248m⣿[38;2;26;174;247m⣿[38;2;27;175;249m⣿[38;2;26;172;246m⣿[38;2;25;165;235m⣷[38;2;26;166;237m⣦[38;2;28;187;255m⡀[0m    [38;2;26;164;234m⢰[38;2;26;169;241m⣶[38;2;28;183;255m⡆[0m          [38;2;28;184;255m⢠[38;2;25;160;229m⣶[38;2;24;159;228m⡆[0m  [38;2;22;142;202m⢠[38;2;26;168;238m⣴[38;2;21;141;201m⡄[0m        [38;2;24;156;220m⣤[38;2;21;134;190m⣀[0m
                         [38;2;24;157;223m⢠[38;2;26;172;244m⣿[38;2;27;175;249m⣿[38;2;27;176;250m⣿⣿[38;2;27;175;249m⣿[38;2;27;176;250m⣿[38;2;26;172;247m⣿[38;2;26;172;246m⣶[38;2;24;156;222m⣽[38;2;26;170;242m⣿[38;2;27;176;250m⣿⣿⣿⣿⣿⣿⣿[38;2;27;175;249m⣿[38;2;27;177;252m⣷[38;2;25;157;223m⡀[0m              [38;2;177;177;177m⢸[38;2;255;255;255m⣿⡿⠿[38;2;250;250;250m⠿[38;2;255;255;255m⠟⠛⠛[38;2;242;242;242m⠿[38;2;255;255;255m⢿⣿⣿⣿⣿⣿[38;2;108;108;108m⡀[0m  [38;2;255;255;255m⣿⣿⣿⣿⣿⣿⣿⣿⡿⠿[38;2;222;222;222m⠏[38;2;240;240;240m⣴[38;2;255;255;255m⣿⣿⣿⣿⣿⣿⣿⣿⣿⣿⣿⣿⣿⣿⡿[38;2;210;210;210m⠋[0m [38;2;255;255;255m⢸⣿⣿⣿⣿⣿⣿⡿⠿[38;2;250;250;250m⠿[38;2;255;255;255m⠿⢿⣿⣿⣿⣿⣿[38;2;238;238;238m⣷[0m    [38;2;27;175;249m⣿[38;2;27;176;250m⣿[0m   [38;2;19;117;168m⢸[38;2;27;181;255m⣿[38;2;26;165;235m⡇[0m   [38;2;26;172;244m⣿[38;2;27;175;249m⣿[38;2;21;142;204m⣰[38;2;25;165;236m⣿[38;2;25;166;237m⠟[38;2;24;152;217m⠋[38;2;15;102;145m⠉[0m   [38;2;16;105;150m⠉[38;2;27;174;247m⠙[38;2;26;171;243m⢿[38;2;27;176;252m⣿[38;2;25;162;231m⣆[0m   [38;2;28;183;255m⢸[38;2;27;175;248m⣿[38;2;28;182;255m⡇[0m          [38;2;27;180;255m⢸[38;2;27;176;250m⣿[38;2;25;163;231m⡇[0m  [38;2;18;112;160m⠈[38;2;27;172;247m⠻[38;2;27;177;252m⣿[38;2;25;165;235m⣦[38;2;14;88;126m⡀[0m    [38;2;25;163;232m⢀[38;2;25;164;234m⣾[38;2;27;174;248m⣿[38;2;25;160;228m⠏[0m
                        [38;2;25;160;228m⢠[38;2;26;172;246m⣿[38;2;27;175;249m⣿[38;2;27;176;250m⣿⣿⣿⣿⣿⣿⣿[38;2;27;175;249m⣿⣿[38;2;27;176;250m⣿⣿⣿⣿⣿⣿⣿⣿[38;2;27;175;249m⣿[38;2;25;165;234m⣿[38;2;19;121;172m⡄[0m             [38;2;110;110;110m⢀[38;2;241;241;241m⣠[38;2;252;252;252m⣴[38;2;255;255;255m⣶⣶[38;2;252;252;252m⣿[38;2;255;255;255m⣿[38;2;248;248;248m⣿[38;2;255;255;255m⣶[38;2;236;236;236m⣦[38;2;244;244;244m⣿[38;2;255;255;255m⣿⣿⣿⣿[38;2;158;158;158m⡇[0m  [38;2;255;255;255m⣿⣿⣿⣿⣿⡿[38;2;208;208;208m⠋[0m   [38;2;195;195;195m⣸[38;2;255;255;255m⣿⣿⣿⣿⣿⠟[38;2;196;196;196m⠋[38;2;98;98;98m⠁[0m   [38;2;109;109;109m⠈[38;2;214;214;214m⠙[38;2;255;255;255m⠻[38;2;238;238;238m⠏[0m   [38;2;255;255;255m⢸⣿⣿⣿⣿⡟[38;2;237;237;237m⠁[0m     [38;2;168;168;168m⠈[38;2;243;243;243m⣿[38;2;255;255;255m⣿⣿⣿⣿[0m    [38;2;27;175;248m⣿[38;2;27;176;250m⣿[0m   [38;2;18;115;163m⢸[38;2;27;181;255m⣿[38;2;26;165;235m⡇[0m   [38;2;26;171;244m⣿[38;2;27;176;250m⣿[38;2;24;158;225m⡟[38;2;15;92;130m⠁[0m         [38;2;25;163;232m⢿[38;2;27;175;249m⣿[0m   [38;2;28;182;255m⢸[38;2;27;175;248m⣿[38;2;28;182;255m⡇[0m          [38;2;27;178;255m⢸[38;2;27;176;250m⣿[38;2;26;164;235m⡇[0m    [38;2;22;142;202m⠙[38;2;27;176;250m⢿[38;2;27;176;252m⣷[38;2;22;150;213m⣄[0m  [38;2;26;166;236m⣠[38;2;26;171;244m⣿[38;2;26;169;241m⡿[38;2;20;127;181m⠃[0m
                       [38;2;26;168;238m⢠[38;2;26;174;247m⣿[38;2;27;175;249m⣿[38;2;27;176;250m⣿⣿⣿⣿⣿⣿⣿⣿⣿⣿⣿⣿⣿⣿⣿⣿⣿⣿⣿[38;2;27;175;249m⣿[38;2;26;166;236m⣿[38;2;20;130;186m⡄[0m           [38;2;244;244;244m⣴[38;2;255;255;255m⣿⣿⣿⣿⣿⣿⣿⣿⣿⣿⣿⣿⣿⣿⣿[38;2;158;158;158m⡇[0m  [38;2;255;255;255m⣿⣿⣿⣿⣿[0m     [38;2;254;254;254m⣿[38;2;255;255;255m⣿⣿⣿⣿[38;2;177;177;177m⠇[0m             [38;2;255;255;255m⢸⣿⣿⣿⣿[38;2;103;103;103m⡇[0m       [38;2;198;198;198m⣿[38;2;255;255;255m⣿⣿⣿⣿[0m    [38;2;26;174;247m⣿[38;2;27;176;252m⣿[0m   [38;2;18;111;158m⢸[38;2;27;181;255m⣿[38;2;26;165;236m⡇[0m   [38;2;26;171;243m⣿[38;2;27;180;255m⣿[0m           [38;2;28;187;255m⢸[38;2;27;177;252m⣿[0m   [38;2;28;181;255m⢸[38;2;27;175;248m⣿[38;2;28;183;255m⡇[0m          [38;2;27;178;254m⢸[38;2;27;176;250m⣿[38;2;26;166;237m⡇[0m     [38;2;14;88;124m⠈[38;2;26;166;237m⠻[38;2;27;177;253m⣿[38;2;25;159;226m⣧[38;2;25;160;229m⣼[38;2;27;177;252m⣿[38;2;25;159;225m⠟[0m
                      [38;2;22;144;205m⣠[38;2;27;175;248m⣿[38;2;27;175;249m⣿[38;2;27;176;250m⣿⣿⣿⣿⣿⣿⣿⣿⣿⣿⣿⣿⣿⣿⣿⣿⣿⣿⣿⣿⣿[38;2;27;175;249m⣿[38;2;26;169;240m⣿[38;2;21;141;202m⡄[0m         [38;2;207;207;207m⣼[38;2;255;255;255m⣿⣿⣿⣿⡿[38;2;235;235;235m⠟[38;2;232;232;232m⠋[38;2;255;255;255m⠉[38;2;225;225;225m⠙[38;2;255;255;255m⠛⢿⣿⣿⣿⣿⣿[38;2;156;156;156m⡇[0m  [38;2;255;255;255m⣿⣿⣿⣿⣿[0m     [38;2;255;255;255m⣿⣿⣿⣿⣿[0m              [38;2;255;255;255m⢸⣿⣿⣿⣿[38;2;97;97;97m⡇[0m       [38;2;194;194;194m⣿[38;2;255;255;255m⣿⣿⣿⣿[0m    [38;2;26;174;247m⣿[38;2;27;177;252m⣿[0m   [38;2;16;109;154m⢸[38;2;27;181;255m⣿[38;2;26;166;236m⡇[0m   [38;2;26;170;242m⣿[38;2;27;180;255m⣿[0m           [38;2;28;187;255m⢸[38;2;27;177;252m⣿[0m   [38;2;27;180;255m⢸[38;2;27;174;248m⣿[38;2;28;183;255m⡇[0m          [38;2;27;177;253m⢸[38;2;27;176;250m⣿[38;2;26;168;240m⡇[0m       [38;2;22;144;204m⢸[38;2;27;177;252m⣿⣿[38;2;22;142;202m⡇[0m
                     [38;2;21;140;199m⣰[38;2;27;176;250m⣿[38;2;27;175;249m⣿[38;2;27;176;250m⣿⣿⣿⣿⣿⣿⣿⣿⣿⣿⣿⣿⣿⣿⣿⣿⣿⣿⣿⣿⣿⣿⣿[38;2;27;175;249m⣿[38;2;26;171;243m⣿[38;2;24;153;218m⡄[0m        [38;2;231;231;231m⣿[38;2;255;255;255m⣿⣿⣿⣿[0m       [38;2;226;226;226m⣿[38;2;255;255;255m⣿⣿⣿⣿[38;2;152;152;152m⡇[0m  [38;2;255;255;255m⣿⣿⣿⣿⣿[0m     [38;2;228;228;228m⣿[38;2;255;255;255m⣿⣿⣿⣿[38;2;190;190;190m⣇[0m             [38;2;255;255;255m⢸⣿⣿⣿⣿[38;2;92;92;92m⡇[0m       [38;2;190;190;190m⣿[38;2;255;255;255m⣿⣿⣿⣿[0m    [38;2;26;172;247m⣿[38;2;27;177;253m⣿[0m   [38;2;16;105;150m⢸[38;2;27;181;255m⣿[38;2;26;166;237m⡇[0m   [38;2;26;169;241m⣿[38;2;27;180;255m⣿[0m           [38;2;28;187;255m⢸[38;2;27;177;253m⣿[0m   [38;2;27;177;253m⢸[38;2;27;175;248m⣿[38;2;28;184;255m⡇[0m          [38;2;27;177;253m⢸[38;2;27;176;250m⣿[38;2;26;170;242m⡇[0m      [38;2;25;164;234m⣰[38;2;27;175;249m⣿[38;2;24;158;225m⡿[38;2;26;174;247m⠻[38;2;27;176;250m⣿[38;2;25;164;234m⣆[0m
                    [38;2;24;153;218m⣰[38;2;27;176;250m⣿⣿⣿⣿⣿⣿⣿⣿⣿⣿⣿⣿[38;2;26;172;244m⣿[38;2;25;164;234m⡿[38;2;27;176;252m⠿[38;2;26;170;242m⢿[38;2;27;176;252m⣿[38;2;27;175;249m⣿[38;2;27;176;250m⣿⣿⣿⣿⣿⣿⣿⣿⣿[38;2;27;175;249m⣿[38;2;26;172;246m⣿[38;2;25;164;234m⡄[0m       [38;2;222;222;222m⢻[38;2;255;255;255m⣿⣿⣿⣿[38;2;252;252;252m⣦[38;2;145;145;145m⣀[0m   [38;2;177;177;177m⢀[38;2;208;208;208m⣴[38;2;255;255;255m⣿⣿⣿⣿⣿[38;2;150;150;150m⡇[0m  [38;2;255;255;255m⣿⣿⣿⣿⣿[0m     [38;2;214;214;214m⠘[38;2;255;255;255m⣿⣿⣿⣿⣿[38;2;235;235;235m⣷[38;2;218;218;218m⣄[38;2;92;92;92m⡀[0m   [38;2;128;128;128m⢀[38;2;244;244;244m⣠[38;2;249;249;249m⣾[38;2;236;236;236m⣷[38;2;153;153;153m⣄[0m  [38;2;255;255;255m⢸⣿⣿⣿⣿[38;2;87;87;87m⡇[0m       [38;2;188;188;188m⣿[38;2;255;255;255m⣿⣿⣿⣿[0m    [38;2;26;172;246m⣿[38;2;27;177;253m⣿[0m   [38;2;16;102;145m⢸[38;2;27;182;255m⣿[38;2;26;166;237m⡇[0m   [38;2;26;169;240m⣿[38;2;27;180;255m⣿[0m           [38;2;28;187;255m⢸[38;2;27;177;254m⣿[0m   [38;2;27;176;252m⢸[38;2;27;174;248m⣿[38;2;28;184;255m⡇[0m          [38;2;25;166;237m⣾[38;2;27;175;249m⣿[38;2;26;171;244m⡇[0m    [38;2;25;158;224m⢀[38;2;25;162;230m⣾[38;2;27;175;249m⣿[38;2;25;160;229m⠏[0m  [38;2;24;156;222m⠙[38;2;26;168;238m⣿[38;2;25;163;231m⣷[38;2;26;166;237m⡀[0m
                   [38;2;25;166;236m⣰[38;2;27;177;252m⣿[38;2;27;176;250m⣿⣿⣿⣿⣿⣿⣿⣿⣿⣿[38;2;26;166;237m⡿[38;2;24;154;220m⠋[0m    [38;2;20;128;182m⠈[38;2;22;144;204m⠻[38;2;26;169;240m⣿[38;2;27;175;249m⣿[38;2;27;176;250m⣿⣿⣿⣿⣿⣿⣿⣿[38;2;27;175;249m⣿[38;2;27;175;248m⣿[38;2;22;144;205m⣄[0m      [38;2;116;116;116m⠈[38;2;255;255;255m⢿⣿⣿⣿⣿⣿⣿⣿⣿⣿⣿⣿⣿[38;2;232;232;232m⢿[38;2;255;255;255m⣿⣿[38;2;146;146;146m⡇[0m  [38;2;255;255;255m⣿⣿⣿⣿⣿[0m      [38;2;199;199;199m⠘[38;2;255;255;255m⢿⣿⣿⣿⣿⣿⣿⣿⣿⣿⣿⣿⣿⣿⣿[38;2;214;214;214m⡷[0m [38;2;255;255;255m⢸⣿⣿⣿⣿[38;2;82;82;82m⡇[0m       [38;2;184;184;184m⣿[38;2;255;255;255m⣿⣿⣿⣿[0m    [38;2;26;172;246m⣿[38;2;27;177;254m⣿[0m   [38;2;15;99;140m⢸[38;2;27;182;255m⣿[38;2;26;168;237m⡇[0m   [38;2;26;168;238m⣿[38;2;27;180;255m⣿[0m           [38;2;28;187;255m⢸[38;2;27;178;254m⣿[0m   [38;2;22;144;205m⠸[38;2;27;177;253m⣿[38;2;26;171;243m⣿[38;2;20;133;190m⣄[0m       [38;2;21;139;198m⣠[38;2;25;165;235m⣾[38;2;26;168;238m⢿[38;2;27;176;250m⣿[38;2;27;174;247m⡇[0m   [38;2;25;164;234m⣠[38;2;26;170;242m⣿⡿[38;2;20;132;187m⠃[0m    [38;2;21;136;194m⠈[38;2;25;166;237m⢻[38;2;26;172;246m⣿[38;2;24;151;214m⣆[0m   [38;2;66;66;66m⢀[38;2;106;106;106m⣄[38;2;147;147;147m⣀[38;2;218;218;218m⢀[0m
                  [38;2;22;145;206m⣼[38;2;27;177;252m⣿[38;2;27;176;250m⣿⣿⣿⣿⣿⣿⣿⣿⣿[38;2;27;177;252m⣿[38;2;22;147;210m⡟[0m        [38;2;22;145;206m⠈[38;2;26;170;242m⢿[38;2;27;175;249m⣿[38;2;27;176;250m⣿⣿⣿⣿⣿⣿⣿⣿[38;2;27;175;249m⣿[38;2;27;176;249m⣿[38;2;22;141;201m⣆[0m       [38;2;248;248;248m⠙[38;2;255;255;255m⠿⣿⣿⣿⣿⣿⣿⣿⡿[38;2;253;253;253m⠟[38;2;213;213;213m⣵[38;2;255;255;255m⣿⣿⣿[38;2;132;132;132m⡇[0m  [38;2;255;255;255m⣿⣿⣿⣿[38;2;247;247;247m⣿[0m        [38;2;181;181;181m⠙[38;2;255;255;255m⠻⢿⣿⣿⣿⣿⣿⣿⣿⣿⣿[38;2;254;254;254m⠿[38;2;230;230;230m⠋[0m  [38;2;255;255;255m⢸⣿⣿⣿⣿[38;2;74;74;74m⡇[0m       [38;2;255;255;255m⢹⣿⣿⣿⣿[0m    [38;2;26;175;248m⣿[38;2;27;177;253m⣿[0m   [38;2;15;97;138m⢸[38;2;28;183;255m⣿[38;2;26;168;240m⡇[0m   [38;2;26;168;240m⣿[38;2;27;181;255m⣿[0m           [38;2;28;187;255m⢸[38;2;27;181;255m⣿[0m    [38;2;25;157;223m⠙[38;2;26;172;246m⢿[38;2;27;177;253m⣿[38;2;25;166;237m⣷[38;2;25;165;236m⣦[38;2;27;176;252m⣤⣤[38;2;25;162;230m⣴[38;2;26;169;241m⣶[38;2;26;168;238m⣿[38;2;25;160;228m⡿[38;2;20;130;186m⠋[38;2;27;172;246m⢸[38;2;27;177;252m⣿⡇[0m  [38;2;24;152;217m⣼[38;2;27;177;253m⣿[38;2;25;160;228m⠟[0m        [38;2;22;147;210m⠹[38;2;26;172;246m⣿[38;2;26;169;241m⣧[38;2;15;96;135m⡀[0m  [38;2;139;139;139m⠃[38;2;129;129;129m⠛[38;2;132;132;132m⠛[0m
                 [38;2;24;159;225m⣼[38;2;27;176;252m⣿[38;2;27;176;250m⣿⣿⣿⣿⣿⣿⣿⣿⣿[38;2;27;175;249m⣿[38;2;26;171;243m⡟[0m          [38;2;20;128;182m⠈[38;2;26;171;244m⣿[38;2;27;175;249m⣿[38;2;27;176;250m⣿⣿⣿⣿⣿⣿⣿⣿⣿[38;2;27;176;252m⣿[38;2;24;154;220m⣆[0m         [38;2;138;138;138m⠉[38;2;255;255;255m⠉⠉⠉[38;2;228;228;228m⠉[38;2;127;127;127m⠁[0m  [38;2;246;246;246m⠉[38;2;157;157;157m⠉[38;2;84;84;84m⠁[0m    [38;2;244;244;244m⠉[38;2;154;154;154m⠉[38;2;72;72;72m⠁[0m              [38;2;139;139;139m⠉[38;2;241;241;241m⠉[38;2;255;255;255m⠉⠉⠉[38;2;208;208;208m⠉[38;2;112;112;112m⠁[0m     [38;2;199;199;199m⠘[38;2;217;217;217m⠋[38;2;220;220;220m⠉[38;2;116;116;116m⠉[0m         [38;2;226;226;226m⠘[38;2;235;235;235m⠋[38;2;255;255;255m⠉[38;2;159;159;159m⠉[38;2;82;82;82m⠁[0m    [38;2;14;91;129m⠁[0m     [38;2;19;118;169m⠁[0m    [38;2;19;126;178m⠉[0m            [38;2;26;169;240m⠈[38;2;16;109;156m⠉[0m      [38;2;19;124;177m⠉[38;2;25;160;229m⠙[38;2;26;165;235m⠛[38;2;26;172;246m⠛[38;2;26;171;243m⠛[38;2;24;159;226m⠛[38;2;22;146;208m⠋[38;2;19;122;174m⠁[0m  [38;2;28;180;255m⠈[38;2;24;158;224m⠉[38;2;18;112;160m⠁[0m   [38;2;20;130;186m⠉[0m          [38;2;26;164;234m⠈[38;2;20;135;193m⠉[0m
               [38;2;13;78;111m⢀[38;2;26;170;242m⣼[38;2;27;176;250m⣿⣿⣿⣿⣿⣿⣿⣿⣿⣿⣿[38;2;27;180;255m⣿[38;2;19;123;175m⠇[0m           [38;2;25;157;224m⢹[38;2;27;176;249m⣿[38;2;27;176;250m⣿⣿⣿⣿⣿[38;2;26;175;249m⣿[38;2;24;158;225m⣿[38;2;25;163;231m⣿[38;2;27;177;253m⣿[38;2;27;176;250m⣿[38;2;27;176;252m⣿[38;2;26;166;237m⣆[0m
              [38;2;18;114;160m⢀[38;2;25;165;235m⣾[38;2;27;176;249m⣿[38;2;27;176;250m⣿⣿⣿⣿⣿⣿⣿⣿⣿⣿⣿[38;2;27;178;253m⣿[0m            [38;2;20;128;182m⢸[38;2;27;180;255m⣿[38;2;27;176;250m⣿⣿⣿⣿⣿⣿⣿[38;2;26;168;238m⣷[38;2;22;146;207m⣮[38;2;24;157;223m⣉[38;2;25;160;229m⠛[38;2;25;162;229m⠿[38;2;20;129;184m⣧[0m
             [38;2;22;147;208m⢀[38;2;26;172;246m⣾[38;2;27;175;249m⣿[38;2;27;176;250m⣿⣿⣿⣿⣿⣿⣿⣿⣿⣿⣿⣿[38;2;27;180;255m⣿[38;2;14;86;123m⡀[0m           [38;2;20;135;192m⢸[38;2;27;178;254m⣿[38;2;27;176;250m⣿⣿⣿⣿⣿⣿⣿⣿[38;2;27;175;249m⣿[38;2;27;176;252m⣿[38;2;27;175;248m⣷[38;2;24;156;223m⣦[38;2;26;166;236m⡀[0m
            [38;2;20;130;187m⢠[38;2;27;177;253m⣾[38;2;27;175;249m⣿[38;2;27;176;250m⣿⣿⣿⣿⣿⣿⣿⣿[38;2;27;175;249m⣿[38;2;27;176;250m⣿[38;2;27;177;253m⣿[38;2;25;166;237m⣿[38;2;27;177;252m⠿[38;2;26;168;237m⠿[38;2;18;115;164m⠇[0m           [38;2;25;158;226m⠸[38;2;26;171;243m⠿[38;2;26;168;238m⢿[38;2;26;172;246m⣿[38;2;27;177;253m⣿[38;2;27;175;249m⣿⣿[38;2;27;176;250m⣿⣿⣿⣿⣿⣿[38;2;27;175;249m⣿[38;2;27;176;252m⣿[38;2;24;157;223m⣷[38;2;25;165;236m⣄[0m
           [38;2;24;157;223m⢠[38;2;26;170;242m⣿[38;2;27;175;249m⣿[38;2;27;176;250m⣿⣿⣿⣿[38;2;27;175;249m⣿[38;2;27;177;252m⣿[38;2;26;170;243m⣿[38;2;27;174;248m⠿[38;2;25;163;231m⠟[38;2;22;148;212m⠛[38;2;24;158;224m⠉[38;2;14;90;127m⠁[0m                   [38;2;16;106;152m⠉[38;2;22;145;206m⠙[38;2;26;168;238m⠛[38;2;25;159;226m⠿[38;2;26;170;242m⢿[38;2;27;176;252m⣿[38;2;27;176;250m⣿[38;2;27;175;249m⣿[38;2;27;176;250m⣿⣿⣿⣿⣿[38;2;25;164;232m⣷[38;2;16;104;147m⡀[0m   [38;2;73;73;73m⣀[0m
          [38;2;22;147;210m⣠[38;2;27;174;248m⣿[38;2;27;175;249m⣿[38;2;27;176;250m⣿[38;2;27;175;249m⣿[38;2;27;177;252m⣿[38;2;26;171;244m⡿[38;2;26;171;243m⠟[38;2;24;150;213m⠛[38;2;20;132;188m⠉[0m                              [38;2;14;92;130m⠈[38;2;27;171;244m⠉[38;2;26;170;243m⠛[38;2;26;170;242m⠿⣿[38;2;27;176;252m⣿[38;2;27;175;249m⣿[38;2;27;176;250m⣿[38;2;27;175;249m⣿[38;2;26;170;243m⣷[38;2;21;133;189m⡀[0m  [38;2;124;124;124m⠏[38;2;128;128;128m⠿[38;2;147;147;147m⠾[0m
         [38;2;24;152;217m⣰[38;2;27;176;250m⣿[38;2;27;177;252m⣿[38;2;26;172;246m⡿[38;2;26;170;242m⠟[38;2;25;166;236m⠋[38;2;20;129;184m⠁[0m                                       [38;2;24;150;213m⠉[38;2;25;165;236m⠛[38;2;26;170;242m⠿[38;2;26;172;244m⣿[38;2;27;176;249m⣿[38;2;27;175;250m⣷[38;2;25;158;224m⡀[0m
        [38;2;25;160;228m⣰[38;2;26;166;236m⠿[38;2;24;153;219m⠛[38;2;24;154;219m⠁[0m                                               [38;2;26;168;237m⠉[38;2;25;157;224m⠻[38;2;24;156;223m⢿[38;2;21;140;199m⡄[0m