[0m
[0m
                                                        [38;2;75;75;76m⢀[38;2;68;68;69m⣀[0m
                                                        [38;2;98;98;99m⣿[38;2;123;123;124m⣿[38;2;110;110;111m⣷[38;2;93;93;94m⣄[0m
                                                        [38;2;91;91;92m⣿[38;2;123;123;123m⣿[38;2;115;115;116m⡿[38;2;93;93;94m⠿[38;2;73;73;74m⠃[0m
                                                        [38;2;75;75;76m⠙[38;2;79;79;80m⠉[0m
[0m
[0m
                                      [38;2;94;94;94m⢀[38;2;98;98;98m⣀[0m [38;2;69;69;70m⠐[38;2;79;79;80m⢦[0m        [38;2;109;108;109m⢀[38;2;151;151;151m⣠[38;2;175;174;172m⣤[38;2;160;158;156m⣶[38;2;214;214;211m⣤[38;2;208;208;206m⣄[38;2;124;124;123m⡀[38;2;80;80;82m⠻[38;2;81;81;82m⢦[0m
                                    [38;2;129;129;129m⣠[38;2;166;165;164m⣾[38;2;193;192;189m⣿[38;2;204;202;200m⣿[38;2;188;187;184m⣿[38;2;156;156;154m⣶[38;2;154;154;154m⡀[0m      [38;2;87;87;88m⢀[38;2;144;144;144m⣴[38;2;165;165;165m⣿[38;2;193;193;192m⣿[38;2;214;213;211m⣿[38;2;229;228;225m⣿[38;2;235;235;232m⣿[38;2;247;247;244m⣿[38;2;248;248;246m⣿[38;2;196;196;195m⣦[0m
                                   [38;2;80;80;80m⢠[38;2;201;201;200m⣿[38;2;255;255;255m⣿⡿⠿⣿⣿⣿[38;2;201;201;200m⡆[0m     [38;2;252;252;250m⣾[38;2;255;255;255m⣿⣿⣿[38;2;246;246;244m⠿[38;2;255;255;255m⠛[38;2;250;250;249m⠿[38;2;255;255;255m⣿⣿⣿[38;2;166;165;164m⣧[0m
                                   [38;2;174;174;172m⢸[38;2;255;255;255m⣿[38;2;229;229;228m⡏[0m [38;2;105;105;106m⠠[38;2;109;109;109m⣦[38;2;224;224;223m⢻[38;2;255;255;255m⣿⣿[0m  [38;2;70;70;72m⠠[38;2;78;78;79m⢄[38;2;75;75;75m⣸[38;2;255;255;255m⣿⣿⡿[38;2;122;122;121m⠁[0m  [38;2;97;97;98m⢶[38;2;109;108;109m⣮[38;2;246;246;244m⢻[38;2;255;255;255m⣿⣿[38;2;72;72;72m⡀[0m
                                   [38;2;112;112;111m⢸[38;2;255;255;255m⣿[38;2;162;162;160m⡇[0m  [38;2;84;84;85m⠹[38;2;62;62;63m⠂[38;2;255;255;255m⣿[38;2;254;254;254m⡿[0m [38;2;122;96;2m⣀[38;2;169;138;4m⣀[38;2;146;121;6m⣀[38;2;82;76;45m⡈[38;2;231;231;232m⢻[38;2;255;255;255m⣿⡇[0m    [38;2;127;127;127m⠙[38;2;96;96;96m⢸[38;2;255;255;255m⣿⣿[38;2;72;72;70m⠇[0m
                                    [38;2;255;255;255m⣿⣷[38;2;255;255;254m⡀[0m [38;2;160;112;1m⢀[38;2;255;212;1m⣠[38;2;255;229;96m⣿[38;2;255;194;3m⣿[38;2;255;232;4m⣿[38;2;255;246;7m⣿[38;2;255;253;10m⣿[38;2;255;255;12m⣿[38;2;255;217;8m⣿[38;2;255;208;14m⣿[38;2;255;255;105m⣿[38;2;255;244;151m⣿[38;2;162;148;70m⡄[0m   [38;2;100;100;99m⢀[38;2;255;255;254m⣼[38;2;255;255;255m⣿[38;2;254;254;253m⡿[0m
                                    [38;2;229;229;228m⠘[38;2;255;255;254m⣿[38;2;255;255;242m⣿[38;2;255;195;61m⣷[38;2;255;204;0m⣿[38;2;255;217;0m⣿[38;2;255;219;0m⣿[38;2;255;228;1m⣿[38;2;255;236;4m⣿[38;2;255;242;7m⣿[38;2;255;249;10m⣿[38;2;255;255;13m⣿[38;2;255;249;12m⣿[38;2;255;235;10m⣿[38;2;255;255;13m⣿[38;2;255;255;14m⣿[38;2;255;255;13m⣿[38;2;255;225;12m⣿[38;2;255;236;21m⣶[38;2;255;254;103m⣶[38;2;255;255;186m⣿[38;2;255;255;235m⣿[38;2;238;236;224m⡿[38;2;181;180;178m⠁[0m
                                    [38;2;235;152;0m⢀[38;2;222;147;9m⣾[38;2;255;184;1m⣿[38;2;255;199;0m⣿[38;2;255;207;0m⣿[38;2;255;218;0m⣿[38;2;255;226;0m⣿[38;2;255;230;1m⣿[38;2;255;236;4m⣿[38;2;255;242;7m⣿[38;2;255;249;10m⣿[38;2;255;255;13m⣿[38;2;255;255;14m⣿⣿⣿⣿⣿⣿⣿[38;2;255;255;13m⣿[38;2;255;254;13m⣿[38;2;255;243;7m⣿⣿[38;2;250;200;6m⣷[0m
                                   [38;2;114;74;0m⢠[38;2;232;151;0m⣿[38;2;254;165;0m⣿[38;2;255;183;0m⣿[38;2;255;199;0m⣿[38;2;255;207;0m⣿[38;2;255;218;0m⣿[38;2;255;226;0m⣿[38;2;255;230;1m⣿[38;2;255;236;4m⣿[38;2;255;242;7m⣿[38;2;255;253;12m⣿[38;2;255;255;14m⣿⣿⣿⣿⣿⣿⣿[38;2;255;247;13m⣿[38;2;246;189;7m⣿[38;2;214;142;1m⣿[38;2;254;169;0m⣿[38;2;255;202;0m⣿[38;2;255;190;0m⣿[0m
                                   [38;2;162;104;0m⠘[38;2;202;129;0m⢿[38;2;228;147;0m⣿[38;2;255;181;0m⣿[38;2;255;198;0m⣿[38;2;255;206;0m⣿[38;2;255;218;0m⣿[38;2;255;226;0m⣿[38;2;255;230;1m⣿[38;2;255;236;4m⣿[38;2;255;242;7m⣿[38;2;255;255;13m⣿[38;2;255;255;14m⣿⣿⣿⣿[38;2;255;248;13m⣿[38;2;253;201;8m⣿[38;2;228;165;3m⣿[38;2;232;152;0m⣿[38;2;255;182;0m⣿[38;2;255;188;0m⣿[38;2;255;190;0m⣿[38;2;255;183;0m⣿[38;2;214;140;0m⡟[0m    [38;2;100;100;102m⣀[38;2;103;103;104m⣀[0m
                                     [38;2;170;158;138m⣼[38;2;196;151;78m⣿[38;2;218;142;1m⣿[38;2;246;166;0m⣿[38;2;255;190;0m⣿[38;2;255;208;0m⣿[38;2;255;216;1m⣿[38;2;255;219;3m⣿[38;2;255;216;6m⣿[38;2;255;212;7m⣿[38;2;255;204;8m⣿[38;2;250;193;7m⣿[38;2;243;181;4m⣿[38;2;235;163;2m⣿[38;2;234;153;0m⣿[38;2;255;176;0m⣿[38;2;255;187;0m⣿[38;2;255;189;0m⣿[38;2;255;190;16m⣿[38;2;255;196;74m⣿[38;2;238;196;117m⣿[38;2;224;201;159m⣿[38;2;195;194;189m⣷[0m    [38;2;108;108;109m⢻[38;2;150;150;151m⣿[38;2;135;135;135m⣿⣦[38;2;93;93;94m⣄[0m
                                     [38;2;177;177;176m⣿[38;2;224;225;223m⣿[38;2;212;194;163m⣿[38;2;200;135;28m⣿[38;2;211;134;0m⣿[38;2;230;148;0m⣿[38;2;242;159;0m⣿[38;2;252;166;0m⣿[38;2;255;174;0m⣿[38;2;255;180;0m⣿[38;2;255;184;0m⣿[38;2;255;187;0m⣿[38;2;255;188;0m⣿⣿[38;2;255;186;0m⣿[38;2;255;182;8m⣿[38;2;253;194;74m⣿[38;2;232;207;158m⣿[38;2;219;219;216m⣿[38;2;226;225;223m⣿[38;2;230;230;228m⣿[38;2;232;232;230m⣿[38;2;235;235;232m⣿[38;2;204;204;201m⣧[0m    [38;2;106;106;108m⠻[38;2;147;147;147m⣿[38;2;157;157;156m⣿[38;2;129;129;129m⣿[0m
                                     [38;2;226;226;224m⣿[38;2;232;232;230m⣿[38;2;226;226;223m⣿[38;2;222;220;216m⣿[38;2;207;176;126m⣿[38;2;200;142;48m⣿[38;2;204;130;4m⣿[38;2;212;134;0m⣿[38;2;219;140;0m⣿[38;2;225;144;0m⣿[38;2;229;147;0m⣿[38;2;230;151;9m⣿[38;2;230;163;40m⣿[38;2;229;178;87m⣿[38;2;225;196;144m⣿[38;2;220;217;208m⣿[38;2;225;225;223m⣿[38;2;231;231;229m⣿[38;2;246;246;243m⣿[38;2;255;255;255m⣿⣿⣿⣿⣿[38;2;216;216;214m⣧[0m    [38;2;102;102;103m⠈[38;2;114;114;114m⠙[38;2;109;109;110m⠁[0m
                                    [38;2;211;211;210m⣸[38;2;255;255;255m⣿⣿[38;2;236;236;234m⣿[38;2;228;228;225m⣿[38;2;225;225;223m⣿[38;2;224;224;223m⣿[38;2;222;220;216m⣿[38;2;218;210;194m⣿[38;2;217;204;182m⣿[38;2;217;206;186m⣿[38;2;219;213;202m⣿[38;2;222;220;218m⣿[38;2;224;225;223m⣿[38;2;228;226;224m⣿[38;2;231;231;229m⣿[38;2;241;241;238m⣿[38;2;255;255;253m⣿[38;2;255;255;255m⣿⣿⣿⣿⣿⣿⣿⣿[38;2;225;225;224m⣧[0m
                                  [38;2;108;108;108m⢀[38;2;241;241;240m⣼[38;2;255;255;255m⣿⣿⣿⣿[38;2;250;250;248m⣿[38;2;234;234;231m⣿[38;2;228;228;225m⣿[38;2;225;225;223m⣿⣿⣿[38;2;226;226;224m⣿[38;2;229;229;226m⣿[38;2;236;236;234m⣿[38;2;248;248;246m⣿[38;2;255;255;255m⣿⣿⣿⣿⣿⣿⣿⣿⣿⣿⣿⣿⣿[38;2;226;226;225m⣧[0m
                                 [38;2;218;218;217m⢠[38;2;255;255;255m⣾⣿⣿⣿⣿⣿⣿⣿⣿[38;2;250;250;248m⣿[38;2;244;244;242m⣿[38;2;247;247;244m⣿[38;2;255;255;253m⣿[38;2;255;255;255m⣿⣿⣿⣿⣿⣿⣿⣿⣿⣿⣿⣿⣿⣿⣿⣿⣿[38;2;207;207;206m⣇[0m
                                [38;2;211;211;210m⣰[38;2;255;255;255m⣿⣿⣿⣿⣿⣿⣿⣿⣿⣿⣿⣿⣿⣿⣿⣿⣿⣿⣿⣿⣿⣿⣿⣿⣿⣿⣿⣿⣿⣿⣿⣿[38;2;194;194;192m⡄[0m
                               [38;2;184;184;183m⣰[38;2;255;255;255m⣿⣿⣿⣿⣿⣿⣿⣿⣿⣿⣿⣿⣿⣿⣿⣿⣿⣿⣿⣿⣿⣿⣿⣿⣿⣿⣿⣿⣿⣿⣿⣿⣿[38;2;252;252;250m⣷[0m
                               [38;2;255;255;255m⣿⣿⣿⣿⣿⣿⣿⣿⣿⣿⣿⣿⣿⣿⣿⣿⣿⣿⣿⣿⣿⣿⣿⣿⣿⣿⣿⣿⣿⣿⣿⣿⣿⣿⣿[38;2;142;142;141m⡆[0m
                              [38;2;91;91;90m⢸[38;2;255;255;255m⣿⣿⣿⣿⣿⣿⣿⣿⣿⣿⣿⣿⣿⣿⣿⣿⣿⣿⣿⣿⣿⣿⣿⣿⣿⣿⣿⣿⣿⣿⣿⣿⣿⣿⣿⣷[38;2;210;210;210m⣄[0m
                              [38;2;195;195;194m⣼[38;2;255;255;255m⣿⣿⣿⣿⣿⣿⣿⣿⣿⣿⣿⣿⣿⣿⣿⣿⣿⣿⣿⣿⣿⣿⣿⣿⣿⣿⣿⣿⣿⣿⣿⣿⣿⣿⣿⣿⣿[38;2;248;248;247m⣧[38;2;126;126;124m⡀[0m   [38;2;62;62;63m⠢[38;2;70;70;72m⢄[0m
                            [38;2;98;98;98m⢀[38;2;255;255;255m⣼⣿⣿⣿⣿⣿⣿⣿⣿⣿⣿⣿⣿⣿⣿⣿⣿⣿⣿⣿⣿⣿⣿⣿⣿⣿⣿⣿⣿⣿⣿⣿⣿⣿⣿⣿⣿⣿⣿⣿⣷[38;2;151;151;150m⡄[0m    [38;2;69;69;70m⠙[38;2;91;91;92m⠢[38;2;98;98;99m⡀[0m
                       [38;2;74;74;75m⢀[38;2;70;70;72m⠎[0m  [38;2;152;152;150m⢀[38;2;255;255;255m⣾⣿⣿⣿⣿⣿⣿⣿⣿⣿⣿⣿⣿⣿⣿⣿⣿⣿⣿⣿⣿⣿⣿⣿⣿⣿⣿⣿⣿⣿⣿⣿⣿⣿⣿⣿⣿⣿⣿⣿⣿⣿⣿[38;2;124;124;122m⡄[0m     [38;2;86;86;87m⠙[38;2;97;97;98m⢦[0m
                      [38;2;66;66;67m⢀[38;2;80;80;81m⠎[0m  [38;2;127;127;127m⢀[38;2;255;255;255m⣾⣿⣿⣿⣿⣿⣿⣿⣿⣿⣿⣿⣿⣿⣿⣿⣿⣿⣿⣿⣿⣿⣿⣿⣿⣿⣿⣿⣿⣿⣿⣿⣿⣿⣿⣿⣿⣿⣿⣿⣿⣿⣿⣿⣷[0m      [38;2;102;102;103m⠈[38;2;99;99;100m⢷[38;2;63;63;64m⡀[0m
                      [38;2;73;73;74m⠌[0m   [38;2;253;253;252m⣾[38;2;255;255;255m⣿⣿⣿⣿⣿⣿⣿⣿⣿⣿⣿⣿⣿⣿⣿⣿⣿⣿⣿⣿⣿⣿⣿⣿⣿⣿⣿⣿⣿⣿⣿⣿⣿⣿⣿⣿⣿⣿⣿⣿⣿⣿⣿⣿⣿[38;2;212;212;211m⡇[0m      [38;2;100;100;102m⠘[38;2;98;98;99m⣧[0m
                         [38;2;211;211;210m⣼[38;2;255;255;255m⣿⣿⣿⣿⣿⣿⣿⣿⣿⣿⣿⣿⣿⣿⣿⣿⣿⣿⣿⣿⣿⣿⣿⣿⣿⣿⣿⣿⣿⣿⣿⣿⣿⣿⣿⣿⣿⣿⣿⣿⣿⣿⣿⣿⣿⣿[38;2;247;247;246m⣿[0m       [38;2;96;96;97m⢿[0m
                    [38;2;64;64;66m⠠[0m   [38;2;159;158;158m⢰[38;2;255;255;255m⣿⣿⣿⣿⣿⣿⣿⣿⣿⣿⣿⣿⣿⣿⣿⣿⣿⣿⣿⣿⣿⣿⣿⣿⣿⣿⣿⣿⣿⣿⣿⣿⣿⣿⣿⣿⣿⣿⣿⣿⣿⣿⣿⣿⣿⣿⣿⣿[38;2;94;94;93m⡆[0m      [38;2;122;122;123m⢸[38;2;70;70;70m⡇[0m
                    [38;2;67;67;68m⡆[0m   [38;2;250;252;250m⣾[38;2;255;255;255m⣿⣿⣿⣿⣿⣿⣿⣿⣿⣿⣿⣿⣿⣿⣿⣿⣿⣿⣿⣿⣿⣿⣿⣿⣿⣿⣿⣿⣿⣿⣿⣿⣿⣿⣿⣿⣿⣿⣿⣿⣿⣿⣿⣿⣿⣿⣿⣿[38;2;186;186;184m⡇[0m      [38;2;105;105;105m⣼[38;2;70;70;72m⠇[0m
                    [38;2;61;61;62m⠁[0m  [38;2;141;141;141m⢰[38;2;255;255;255m⣿⣿⣿⣿⣿⣿⣿⣿⣿⣿⣿⣿⣿⣿⣿⣿⣿⣿⣿⣿⣿⣿⣿⣿⣿⣿⣿⣿⣿⣿⣿⣿⣿⣿⣿⣿⣿⣿⣿⣿⣿⣿⣿⣿⣿⣿⣿⣿⣿[38;2;234;234;231m⡇[0m      [38;2;103;103;104m⣿[0m
                    [38;2;80;80;81m⡆[0m  [38;2;238;238;237m⣸[38;2;255;255;255m⣿⣿⣿⣿⣿⣿⣿⣿⣿⣿⣿⣿⣿⣿⣿⣿⣿⣿⣿⣿⣿⣿⣿⣿⣿⣿⣿⣿⣿⣿⣿⣿⣿⣿⣿⣿⣿⣿⣿⣿⣿⣿⣿⣿⣿⣿⣿⣿⣿[38;2;230;230;229m⡇[0m     [38;2;102;102;103m⢸[38;2;85;85;86m⡏[0m
                   [38;2;87;87;88m⢾[38;2;117;117;117m⣷[0m  [38;2;224;224;223m⣿[38;2;255;255;255m⣿⣿⣿⣿⣿⣿⣿⣿⣿⣿⣿⣿⣿⣿⣿⣿⣿⣿⣿⣿⣿⣿⣿⣿⣿⣿⣿⣿⣿⣿⣿⣿⣿⣿⣿⣿⣿⣿⣿⣿⣿⣿⣿⣿⣿⣿⣿⣿⣿[38;2;182;182;181m⡇[0m    [38;2;84;84;84m⢀[38;2;92;92;93m⡿[0m
                    [38;2;97;97;98m⠙[38;2;90;90;91m⣆[0m [38;2;254;254;254m⣿[38;2;255;255;255m⣿⣿⣿⣿⣿⣿⣿⣿⣿⣿⣿⣿⣿⣿⣿⣿⣿⣿⣿⣿⣿⣿⣿⣿⣿⣿⣿⣿⣿⣿⣿⣿⣿⣿⣿⣿⣿⣿⣿⣿⣿⣿⣿⣿⣿⣿⣿⣿⣿[38;2;105;105;104m⠇[0m   [38;2;62;62;63m⢀[38;2;104;104;105m⠘[38;2;85;85;86m⠁[0m
               [38;2;255;190;0m⣠[38;2;255;189;0m⣶[38;2;255;213;0m⣶[38;2;255;210;0m⣶[38;2;255;193;0m⣦[38;2;212;152;0m⣄[38;2;85;85;87m⠘[38;2;90;91;92m⢦[38;2;236;236;235m⣿[38;2;255;255;255m⣿⣿⣿⣿⣿⣿⣿⣿⣿⣿⣿⣿⣿⣿⣿⣿⣿⣿⣿⣿⣿⣿⣿⣿⣿⣿⣿⣿⣿⣿⣿⣿⣿⣿⣿⣿⣿⣿⣿⣿⣿⣿⣿⣿⣿⣿⣿⣿⣿[0m   [38;2;82;82;84m⠚[38;2;92;92;93m⠉[38;2;63;63;64m⠉⠉[38;2;64;64;66m⠉[38;2;68;68;69m⠉[38;2;66;66;67m⠓[38;2;84;84;85m⠶[38;2;98;98;99m⣶[38;2;108;108;109m⣦[38;2;102;102;103m⣄[0m
             [38;2;222;146;0m⢀[38;2;255;176;0m⣾[38;2;255;206;0m⣿[38;2;255;222;0m⣿[38;2;255;226;0m⣿⣿[38;2;255;225;0m⣿[38;2;255;222;0m⣿[38;2;255;199;0m⣷[38;2;192;132;0m⣄[38;2;75;75;78m⠉[38;2;249;249;248m⠙[38;2;255;255;255m⢿⣿⣿⣿⣿⣿⣿⣿⣿⣿⣿⣿⣿⣿⣿⣿⣿⣿⣿⣿⣿⣿⣿⣿⣿⣿⣿⣿⣿⣿⣿⣿⣿⣿⣿⣿⣿⣿⣿⣿⣿⣿⣿[38;2;255;224;133m⣿[38;2;255;230;93m⣿[38;2;255;240;96m⣿[38;2;255;247;116m⣿[38;2;255;222;102m⣿[38;2;255;192;2m⣤[0m          [38;2;91;91;92m⠈[38;2;99;99;100m⢿[38;2;105;105;106m⣿[38;2;88;88;90m⠇[0m
            [38;2;196;128;0m⣠[38;2;243;159;0m⣿[38;2;255;193;0m⣿[38;2;255;216;0m⣿[38;2;255;225;0m⣿[38;2;255;228;0m⣿⣿⣿[38;2;255;226;0m⣿[38;2;255;223;0m⣿[38;2;255;211;0m⣿[38;2;254;172;0m⣦[0m  [38;2;164;164;163m⠙[38;2;255;255;255m⠻⣿⣿⣿⣿⣿⣿⣿⣿⣿⣿⣿⣿⣿⣿⣿⣿⣿⣿⣿⣿⣿⣿⣿⣿⣿⣿⣿⣿⣿⣿⣿⣿⣿⣿⣿⣿⣿⣿⣿[38;2;232;170;68m⣿[38;2;255;181;2m⣿[38;2;255;211;0m⣿[38;2;255;230;2m⣿[38;2;255;237;4m⣿⣿[38;2;213;172;4m⣿[0m           [38;2;64;64;66m⠋[38;2;68;68;69m⠁[38;2;199;156;2m⢰[38;2;255;212;4m⣿[38;2;255;216;1m⣦[38;2;229;153;0m⡀[0m
   [38;2;133;86;1m⢀[38;2;244;160;0m⣀[38;2;195;128;0m⣤[38;2;210;138;0m⣤[38;2;206;135;0m⣤[38;2;202;133;0m⣤[38;2;219;144;0m⣤[38;2;253;165;0m⣤[38;2;234;153;0m⣾[38;2;255;171;0m⣿[38;2;255;187;0m⣿[38;2;255;208;0m⣿[38;2;255;223;0m⣿[38;2;255;226;0m⣿[38;2;255;228;0m⣿⣿⣿⣿[38;2;255;226;0m⣿[38;2;255;224;0m⣿[38;2;255;212;0m⣿[38;2;255;187;0m⣷[38;2;178;117;1m⡄[0m  [38;2;187;187;187m⠈[38;2;229;229;229m⠻[38;2;255;255;255m⢿⣿⣿⣿⣿⣿⣿⣿⣿⣿⣿⣿⣿⣿⣿⣿⣿⣿⣿⣿⣿⣿⣿⣿⣿⣿⣿⣿⣿⣿⣿⣿⣿⣿⣿⣿⣿[38;2;230;170;74m⣿[38;2;255;168;2m⣿[38;2;255;198;0m⣿[38;2;255;219;0m⣿[38;2;255;226;0m⣿⣿[38;2;231;175;0m⣿[0m           [38;2;110;78;0m⢀[38;2;243;184;0m⣴[38;2;255;224;0m⣿⣿[38;2;255;220;0m⣿[38;2;255;184;0m⣷[0m
  [38;2;210;136;0m⣴[38;2;255;169;0m⣿[38;2;255;184;0m⣿[38;2;255;195;0m⣿[38;2;255;202;0m⣿⣿⣿[38;2;255;200;0m⣿[38;2;255;199;0m⣿[38;2;255;201;0m⣿[38;2;255;208;0m⣿[38;2;255;217;0m⣿[38;2;255;224;0m⣿[38;2;255;226;0m⣿[38;2;255;228;0m⣿⣿⣿⣿⣿⣿[38;2;255;226;0m⣿[38;2;255;224;0m⣿[38;2;255;212;0m⣿[38;2;255;200;0m⣿[38;2;206;136;0m⣆[0m    [38;2;222;222;220m⠙[38;2;255;255;255m⠿⣿⣿⣿⣿⣿⣿⣿⣿⣿⣿⣿⣿⣿⣿⣿⣿⣿⣿⣿⣿⣿⣿⣿⣿⣿⣿⣿⣿⣿⣿⣿⣿⣿⣿[38;2;236;184;100m⣿[38;2;253;166;1m⣿[38;2;255;196;0m⣿[38;2;255;219;0m⣿[38;2;255;226;0m⣿[38;2;255;224;0m⣿[38;2;255;217;0m⣿[38;2;255;186;0m⣆[38;2;87;60;1m⡀[0m       [38;2;228;159;0m⣀[38;2;255;188;0m⣴[38;2;255;206;0m⣿[38;2;255;226;0m⣿[38;2;255;228;0m⣿[38;2;255;225;0m⣿[38;2;255;216;0m⣿[38;2;255;202;0m⣿[38;2;115;76;0m⡄[0m
  [38;2;255;172;0m⣿[38;2;255;195;0m⣿[38;2;255;216;0m⣿[38;2;255;224;0m⣿[38;2;255;226;0m⣿⣿⣿[38;2;255;225;0m⣿⣿[38;2;255;226;0m⣿⣿⣿[38;2;255;228;0m⣿⣿⣿⣿⣿⣿⣿⣿⣿[38;2;255;226;0m⣿[38;2;255;225;0m⣿[38;2;255;216;0m⣿⣿[38;2;218;146;0m⣧[0m     [38;2;181;181;180m⠈[38;2;219;219;219m⠻[38;2;255;255;255m⢿⣿⣿⣿⣿⣿⣿⣿⣿⣿⣿⣿⣿⣿⣿⣿⣿⣿⣿⣿⣿⣿⣿⣿⣿⣿⣿⣿⣿⣿⣿⣿[38;2;237;193;116m⣿[38;2;252;165;0m⣿[38;2;255;198;0m⣿[38;2;255;220;0m⣿[38;2;255;226;0m⣿[38;2;255;225;0m⣿[38;2;255;219;0m⣿[38;2;255;210;0m⣿[38;2;255;195;0m⣿[38;2;255;192;0m⣶[38;2;255;180;0m⣦[38;2;255;194;0m⣤⣤[38;2;255;180;0m⣴[38;2;255;192;0m⣶⣿[38;2;255;213;0m⣿[38;2;255;220;0m⣿[38;2;255;226;0m⣿[38;2;255;228;0m⣿[38;2;255;229;0m⣿[38;2;255;228;0m⣿[38;2;255;225;0m⣿[38;2;255;216;0m⣿[38;2;244;171;0m⣇[0m
  [38;2;255;176;0m⣿[38;2;255;202;0m⣿[38;2;255;220;0m⣿[38;2;255;226;0m⣿[38;2;255;228;0m⣿⣿⣿⣿⣿⣿⣿⣿⣿⣿⣿⣿⣿⣿⣿⣿⣿⣿[38;2;255;226;0m⣿[38;2;255;225;0m⣿[38;2;255;220;0m⣿[38;2;255;222;1m⣿[38;2;244;166;0m⣷[38;2;156;99;0m⡀[0m      [38;2;240;240;238m⠹[38;2;255;255;255m⣿⣿⣿⣿⣿⣿⣿⣿⣿⣿⣿⣿⣿⣿⣿⣿⣿⣿⣿⣿⣿⣿⣿⣿⣿⣿⣿⣿⣿⣿[38;2;232;186;109m⣿[38;2;252;165;0m⣿[38;2;255;199;0m⣿[38;2;255;220;0m⣿[38;2;255;228;0m⣿⣿[38;2;255;225;0m⣿[38;2;255;220;0m⣿[38;2;255;216;0m⣿[38;2;255;211;0m⣿[38;2;255;207;0m⣿[38;2;255;206;0m⣿[38;2;255;207;0m⣿[38;2;255;210;0m⣿[38;2;255;214;0m⣿[38;2;255;219;0m⣿[38;2;255;224;0m⣿[38;2;255;226;0m⣿[38;2;255;228;0m⣿[38;2;255;230;1m⣿⣿[38;2;255;229;1m⣿[38;2;255;228;0m⣿[38;2;255;225;0m⣿[38;2;255;217;0m⣿[38;2;250;175;0m⣧[38;2;229;154;0m⡀[0m
  [38;2;231;152;0m⣿[38;2;255;192;0m⣿[38;2;255;216;0m⣿[38;2;255;224;0m⣿[38;2;255;228;0m⣿⣿⣿⣿⣿⣿⣿⣿⣿⣿⣿⣿⣿⣿⣿⣿⣿⣿⣿⣿[38;2;255;226;0m⣿[38;2;255;223;0m⣿[38;2;255;225;1m⣿[38;2;255;198;1m⣷[38;2;170;110;0m⡄[0m      [38;2;174;174;172m⢸[38;2;255;255;255m⣿⣿⣿⣿⣿⣿⣿⣿⣿⣿⣿⣿⣿⣿⣿⣿⣿⣿⣿⣿⣿⣿⣿⣿⣿⣿⣿⣿⣿[38;2;210;157;75m⣿[38;2;249;163;1m⣿[38;2;255;196;0m⣿[38;2;255;219;0m⣿[38;2;255;226;0m⣿[38;2;255;229;0m⣿[38;2;255;228;0m⣿[38;2;255;225;0m⣿[38;2;255;224;0m⣿[38;2;255;222;0m⣿[38;2;255;220;0m⣿⣿⣿[38;2;255;222;0m⣿[38;2;255;224;0m⣿[38;2;255;226;0m⣿[38;2;255;228;0m⣿[38;2;255;229;0m⣿[38;2;255;230;1m⣿⣿⣿⣿⣿[38;2;255;228;0m⣿[38;2;255;226;0m⣿[38;2;255;220;0m⣿[38;2;255;206;0m⣿[38;2;255;198;0m⣦[38;2;176;118;0m⣄[0m
  [38;2;213;140;0m⢻[38;2;255;177;0m⣿[38;2;255;207;0m⣿[38;2;255;223;0m⣿[38;2;255;226;0m⣿[38;2;255;228;0m⣿⣿⣿⣿⣿⣿⣿⣿⣿⣿⣿⣿⣿⣿⣿⣿⣿⣿⣿⣿[38;2;255;226;0m⣿[38;2;255;225;0m⣿[38;2;255;225;1m⣿[38;2;255;204;1m⣿[38;2;217;145;0m⣄[0m     [38;2;166;166;165m⢰[38;2;255;255;255m⣿⣿⣿⣿⣿⣿⣿⣿⣿⣿⣿⣿⣿⣿⣿⣿⣿⣿⣿⣿⣿⣿⣿⣿⣿⣿⣿⠟⠁[38;2;178;112;0m⣾[38;2;243;158;0m⣿[38;2;255;193;0m⣿[38;2;255;217;0m⣿[38;2;255;226;0m⣿[38;2;255;229;0m⣿[38;2;255;230;1m⣿[38;2;255;229;0m⣿[38;2;255;228;0m⣿⣿⣿⣿⣿⣿[38;2;255;229;0m⣿⣿[38;2;255;230;1m⣿⣿⣿⣿⣿⣿⣿[38;2;255;229;1m⣿[38;2;255;229;0m⣿[38;2;255;228;0m⣿[38;2;255;226;0m⣿[38;2;255;222;0m⣿[38;2;255;216;0m⣿[38;2;255;194;0m⣷[38;2;255;175;0m⣤[38;2;223;147;0m⡀[0m
  [38;2;252;163;0m⢸[38;2;255;170;0m⣿[38;2;255;201;0m⣿[38;2;255;222;0m⣿[38;2;255;226;0m⣿[38;2;255;228;0m⣿⣿⣿⣿⣿⣿⣿⣿⣿⣿⣿⣿⣿⣿⣿⣿⣿⣿⣿⣿⣿⣿[38;2;255;225;0m⣿[38;2;255;223;0m⣿[38;2;255;216;0m⣿[38;2;249;166;3m⣦[38;2;198;186;165m⣤[38;2;188;188;187m⣤[38;2;232;232;231m⣤[38;2;255;255;255m⣴⣿⣿⣿⣿⣿⣿⣿⣿⣿⣿⣿⣿⣿⣿⣿⣿⣿⣿⣿⣿⣿⣿⣿⣿⣿⣿⠟⠁[0m  [38;2;189;118;0m⣿[38;2;242;157;0m⣿[38;2;255;189;0m⣿[38;2;255;214;0m⣿[38;2;255;226;0m⣿[38;2;255;229;0m⣿[38;2;255;230;1m⣿⣿⣿⣿⣿⣿⣿⣿⣿⣿⣿⣿⣿⣿⣿⣿⣿⣿⣿[38;2;255;229;1m⣿[38;2;255;229;0m⣿[38;2;255;228;0m⣿[38;2;255;226;0m⣿[38;2;255;218;0m⣿[38;2;255;201;0m⣿[38;2;255;177;0m⣿[38;2;222;145;0m⣦[0m
  [38;2;206;134;0m⣿[38;2;255;177;0m⣿[38;2;255;208;0m⣿[38;2;255;223;0m⣿[38;2;255;226;0m⣿[38;2;255;228;0m⣿⣿⣿⣿⣿⣿⣿⣿⣿⣿⣿⣿⣿⣿⣿⣿⣿⣿⣿⣿⣿⣿⣿[38;2;255;226;0m⣿[38;2;255;220;0m⣿[38;2;255;212;0m⣿[38;2;247;169;24m⣿[38;2;255;234;187m⣿[38;2;255;255;255m⣿⣿⣿⣿⣿⣿⣿⣿⣿⣿⣿⣿⣿⣿⣿⣿⣿⣿⣿⣿⣿⣿⣿⣿⣿⡿[38;2;229;229;229m⠟[38;2;178;178;178m⠁[0m   [38;2;127;78;0m⢰[38;2;199;124;0m⣿[38;2;244;159;0m⣿[38;2;255;192;0m⣿[38;2;255;216;0m⣿[38;2;255;226;0m⣿[38;2;255;229;0m⣿[38;2;255;230;1m⣿⣿⣿⣿⣿⣿⣿⣿⣿⣿⣿⣿[38;2;255;229;1m⣿⣿[38;2;255;229;0m⣿⣿⣿[38;2;255;228;0m⣿⣿[38;2;255;226;0m⣿[38;2;255;224;0m⣿[38;2;255;220;0m⣿[38;2;255;213;0m⣿[38;2;255;201;0m⣿[38;2;255;182;0m⣿[38;2;249;163;0m⣿[38;2;213;138;0m⡿[0m
 [38;2;198;128;0m⣰[38;2;255;169;0m⣿[38;2;255;200;0m⣿[38;2;255;220;0m⣿[38;2;255;226;0m⣿[38;2;255;228;0m⣿⣿⣿⣿⣿⣿⣿⣿⣿⣿⣿⣿⣿⣿⣿⣿⣿⣿⣿⣿⣿⣿⣿⣿⣿[38;2;255;225;0m⣿[38;2;255;217;0m⣿[38;2;255;200;0m⣿[38;2;231;148;1m⣿[38;2;216;163;79m⣿[38;2;255;255;255m⣿⣿⣿⣿⣿⣿⣿⣿⣿⣿⣿⣿⣿⣿⣿⣿⣿⣿⣿⣿⣿⣿⠟[38;2;195;195;195m⠋[0m      [38;2;158;97;0m⣸[38;2;202;128;0m⣿[38;2;250;164;0m⣿[38;2;255;196;0m⣿[38;2;255;219;0m⣿[38;2;255;226;0m⣿[38;2;255;229;1m⣿[38;2;255;230;1m⣿⣿⣿⣿⣿⣿⣿⣿⣿⣿[38;2;255;229;0m⣿[38;2;255;228;0m⣿[38;2;255;226;0m⣿[38;2;255;225;0m⣿[38;2;255;223;0m⣿[38;2;255;222;0m⣿[38;2;255;218;0m⣿[38;2;255;214;0m⣿[38;2;255;211;0m⣿[38;2;255;206;0m⣿[38;2;255;198;0m⣿[38;2;255;188;0m⣿[38;2;255;175;0m⣿[38;2;247;162;0m⣿[38;2;220;142;0m⣿[38;2;193;124;0m⠟[0m
[38;2;170;109;0m⣰[38;2;237;154;0m⣿[38;2;255;177;0m⣿[38;2;255;210;0m⣿[38;2;255;223;0m⣿[38;2;255;226;0m⣿⣿⣿⣿[38;2;255;228;0m⣿⣿⣿⣿⣿⣿⣿⣿⣿⣿⣿⣿⣿⣿⣿⣿⣿⣿⣿⣿⣿⣿[38;2;255;226;0m⣿[38;2;255;223;0m⣿[38;2;255;210;0m⣿[38;2;255;181;0m⣿[38;2;222;142;0m⣿[38;2;175;110;10m⣿[38;2;189;175;153m⡙[38;2;255;255;255m⠛⠿⢿⣿⣿⣿⣿⣿⣿⣿⣿⣿⣿⣿⣿⡿[38;2;241;241;240m⠿[38;2;237;237;236m⠛[38;2;183;183;183m⠉[0m         [38;2;162;99;0m⣿[38;2;211;134;0m⣿[38;2;255;170;0m⣿[38;2;255;201;0m⣿[38;2;255;220;0m⣿[38;2;255;228;0m⣿[38;2;255;229;0m⣿[38;2;255;230;1m⣿⣿⣿⣿⣿[38;2;255;229;1m⣿⣿[38;2;255;229;0m⣿[38;2;255;228;0m⣿[38;2;255;226;0m⣿[38;2;255;223;0m⣿[38;2;255;219;0m⣿[38;2;255;212;0m⣿[38;2;255;206;0m⣿[38;2;255;198;0m⣿[38;2;255;188;0m⣿[38;2;255;181;0m⣿[38;2;255;174;0m⣿[38;2;253;165;0m⣿[38;2;241;157;0m⣿[38;2;231;150;0m⣿[38;2;214;138;0m⡿[38;2;205;132;0m⠟[38;2;180;114;0m⠋[0m
[38;2;196;124;0m⣿[38;2;231;150;0m⣿[38;2;255;168;0m⣿[38;2;255;189;0m⣿[38;2;255;204;0m⣿[38;2;255;211;0m⣿[38;2;255;214;0m⣿[38;2;255;217;0m⣿[38;2;255;220;0m⣿[38;2;255;223;0m⣿[38;2;255;224;0m⣿[38;2;255;225;0m⣿⣿[38;2;255;226;0m⣿⣿[38;2;255;228;0m⣿[38;2;255;226;0m⣿[38;2;255;228;0m⣿⣿⣿⣿⣿⣿⣿⣿⣿⣿⣿⣿⣿⣿[38;2;255;226;0m⣿[38;2;255;223;0m⣿[38;2;255;213;0m⣿[38;2;255;190;0m⣿[38;2;247;160;0m⣿[38;2;200;127;0m⣿[38;2;157;96;0m⣷[0m    [38;2;108;108;106m⠈[38;2;182;181;181m⠉[38;2;249;249;248m⠉[38;2;255;255;255m⠉⠉⠉⠉[38;2;235;235;232m⠉[38;2;153;153;153m⠉[38;2;75;75;74m⠁[0m             [38;2;112;68;0m⢠[38;2;169;103;0m⣿[38;2;212;135;0m⣿[38;2;255;169;0m⣿[38;2;255;199;0m⣿[38;2;255;218;0m⣿[38;2;255;226;0m⣿[38;2;255;228;0m⣿[38;2;255;229;0m⣿⣿⣿[38;2;255;228;0m⣿⣿[38;2;255;226;0m⣿[38;2;255;225;0m⣿[38;2;255;223;0m⣿[38;2;255;218;0m⣿[38;2;255;211;0m⣿[38;2;255;201;0m⣿[38;2;255;189;0m⣿[38;2;255;177;0m⣿[38;2;253;165;0m⣿[38;2;238;154;0m⣿[38;2;223;144;0m⣿[38;2;211;134;0m⣿[38;2;194;122;0m⡿[38;2;183;116;0m⠟[38;2;175;110;0m⠋[38;2;126;79;0m⠁[0m
[38;2;158;99;0m⠙[38;2;193;123;0m⢿[38;2;225;145;0m⣿[38;2;246;159;0m⣿[38;2;254;166;0m⣿[38;2;255;174;0m⣿[38;2;255;178;0m⣿[38;2;255;184;0m⣿[38;2;255;189;0m⣿[38;2;255;195;0m⣿[38;2;255;200;0m⣿[38;2;255;205;0m⣿[38;2;255;208;0m⣿[38;2;255;211;0m⣿[38;2;255;214;0m⣿[38;2;255;217;0m⣿[38;2;255;218;0m⣿[38;2;255;220;0m⣿[38;2;255;222;0m⣿[38;2;255;223;0m⣿[38;2;255;225;0m⣿[38;2;255;226;0m⣿⣿⣿[38;2;255;228;0m⣿⣿⣿⣿⣿⣿[38;2;255;226;0m⣿[38;2;255;224;0m⣿[38;2;255;219;0m⣿[38;2;255;206;0m⣿[38;2;255;188;0m⣿[38;2;250;163;0m⣿[38;2;208;132;0m⣿[38;2;166;102;0m⣿[0m                           [38;2;130;79;1m⢸[38;2;162;98;0m⣿[38;2;199;126;0m⣿[38;2;244;158;0m⣿[38;2;255;184;0m⣿[38;2;255;204;0m⣿[38;2;255;214;0m⣿[38;2;255;219;0m⣿[38;2;255;220;0m⣿⣿⣿[38;2;255;218;0m⣿[38;2;255;216;0m⣿[38;2;255;212;0m⣿[38;2;255;207;0m⣿[38;2;255;200;0m⣿[38;2;255;189;0m⣿[38;2;255;177;0m⣿[38;2;252;165;0m⣿[38;2;234;151;0m⣿[38;2;213;136;0m⣿[38;2;193;121;0m⣿[38;2;189;118;0m⠟[38;2;177;110;0m⠋[38;2;122;75;0m⠁[0m
   [38;2;145;93;0m⠉[38;2;230;148;0m⠉[38;2;210;135;0m⠛[38;2;217;140;0m⠻[38;2;230;148;0m⠿[38;2;217;140;0m⣿[38;2;238;154;0m⣿[38;2;246;160;0m⣿[38;2;250;163;0m⣿[38;2;255;169;0m⣿[38;2;255;172;0m⣿[38;2;255;176;0m⣿[38;2;255;180;0m⣿[38;2;255;184;0m⣿[38;2;255;188;0m⣿[38;2;255;193;0m⣿[38;2;255;198;0m⣿[38;2;255;205;0m⣿[38;2;255;210;0m⣿[38;2;255;214;0m⣿[38;2;255;219;0m⣿[38;2;255;222;0m⣿[38;2;255;224;0m⣿⣿[38;2;255;225;0m⣿[38;2;255;224;0m⣿[38;2;255;223;0m⣿[38;2;255;220;0m⣿[38;2;255;213;0m⣿[38;2;255;204;0m⣿[38;2;255;192;0m⣿[38;2;255;174;0m⣿[38;2;234;152;0m⣿[38;2;187;116;0m⣿[38;2;145;87;0m⣿[0m                           [38;2;120;73;2m⢸[38;2;144;87;0m⣿[38;2;175;108;0m⣿[38;2;211;135;0m⣿[38;2;243;159;0m⣿[38;2;255;175;0m⣿[38;2;255;186;0m⣿[38;2;255;192;0m⣿[38;2;255;194;0m⣿[38;2;255;195;0m⣿[38;2;255;194;0m⣿[38;2;255;192;0m⣿[38;2;255;187;0m⣿[38;2;255;182;0m⣿[38;2;255;175;0m⣿[38;2;253;166;0m⣿[38;2;238;154;0m⣿[38;2;218;140;0m⣿[38;2;199;124;0m⣿[38;2;171;106;0m⡿[38;2;176;108;0m⠋[0m
          [38;2;156;99;0m⠉[38;2;216;136;0m⠉[38;2;184;117;0m⠛[38;2;214;136;0m⠛[38;2;188;120;0m⠿[38;2;212;135;0m⠿[38;2;210;134;0m⢿[38;2;213;136;0m⣿[38;2;224;144;0m⣿[38;2;229;147;0m⣿[38;2;238;154;0m⣿[38;2;248;162;0m⣿[38;2;255;171;0m⣿[38;2;255;181;0m⣿[38;2;255;189;0m⣿[38;2;255;198;0m⣿[38;2;255;202;0m⣿[38;2;255;205;0m⣿[38;2;255;204;0m⣿[38;2;255;201;0m⣿[38;2;255;196;0m⣿[38;2;255;189;0m⣿[38;2;255;181;0m⣿[38;2;255;168;0m⣿[38;2;228;146;0m⣿[38;2;188;117;0m⣿[38;2;148;90;0m⣿[38;2;134;81;0m⠃[0m                           [38;2;96;60;6m⠘[38;2;114;69;2m⣿[38;2;140;85;0m⣿[38;2;166;102;0m⣿[38;2;192;120;0m⣿[38;2;214;138;0m⣿[38;2;232;150;0m⣿[38;2;241;157;0m⣿[38;2;247;162;0m⣿[38;2;250;163;0m⣿[38;2;249;163;0m⣿[38;2;247;162;0m⣿[38;2;241;157;0m⣿[38;2;231;150;0m⣿[38;2;218;139;0m⣿[38;2;202;127;0m⣿[38;2;184;115;0m⣿[38;2;178;110;0m⠟[38;2;183;112;0m⠁[0m
                  [38;2;122;75;0m⠈[38;2;174;108;0m⠉[38;2;156;96;0m⠛[38;2;188;117;0m⠛[38;2;184;116;0m⠿[38;2;186;117;0m⣿[38;2;207;132;0m⣿[38;2;219;140;0m⣿[38;2;231;150;0m⣿[38;2;241;157;0m⣿[38;2;244;159;0m⣿[38;2;246;160;0m⣿[38;2;241;157;0m⣿[38;2;230;148;0m⣿[38;2;213;136;0m⣿[38;2;188;117;0m⣿[38;2;158;97;0m⣿[38;2;134;81;0m⠿[38;2;130;79;0m⠁[0m                             [38;2;99;62;8m⠘[38;2;102;63;4m⢿[38;2;115;70;2m⣿[38;2;134;81;0m⣿[38;2;151;92;0m⣿[38;2;165;102;0m⣿[38;2;177;109;0m⣿[38;2;184;115;0m⣿[38;2;188;117;0m⣿⣿[38;2;186;116;0m⣿[38;2;180;111;0m⣿[38;2;171;106;0m⣿[38;2;159;98;0m⣿[38;2;158;96;0m⠟[38;2;162;99;0m⠁[0m
                        [38;2;139;85;0m⠈[38;2;153;93;0m⠙[38;2;166;102;0m⠛[38;2;158;97;0m⠿[38;2;168;103;0m⠿⠿[38;2;163;100;0m⠿[38;2;152;92;0m⠿[38;2;140;85;0m⠟[38;2;122;74;0m⠛[38;2;121;73;1m⠁[0m                                 [38;2;99;63;8m⠈[38;2;98;61;7m⠙[38;2;105;66;4m⠛[38;2;110;67;3m⠿[38;2;118;72;1m⠿[38;2;118;72;2m⣿[38;2;122;74;1m⣿[38;2;133;80;0m⠿[38;2;130;79;0m⠿[38;2;136;82;0m⠛[38;2;140;85;0m⠉[0m