[0m
[0m
[0m
[0m
                                                  [38;2;117;81;63m⣠[38;2;135;92;73m⣾[38;2;146;105;84m⣿[38;2;132;88;67m⣿[38;2;111;69;48m⣷[38;2;94;55;38m⡀[0m
                                                 [38;2;100;73;61m⢰[38;2;150;100;76m⣿[38;2;178;133;109m⣿[38;2;189;147;123m⣿[38;2;177;133;109m⣿[38;2;148;102;76m⣿[38;2;99;61;39m⣅[0m
                                                 [38;2;127;88;70m⣸[38;2;135;93;70m⣿[38;2;116;85;69m⣟[38;2;146;100;78m⣿[38;2;157;110;86m⣿[38;2;126;93;75m⢡[38;2;100;72;55m⡀[0m
                                                 [38;2;138;97;76m⣿[38;2;172;128;98m⣿[38;2;194;148;122m⣿[38;2;189;136;108m⣿[38;2;172;122;99m⣿[38;2;115;70;51m⢼[38;2;142;93;69m⣿[38;2;104;64;45m⠇[0m
                       [38;2;81;67;57m⣀[38;2;88;75;67m⠴[38;2;88;74;67m⠒[38;2;88;75;69m⠚[38;2;110;91;76m⢻[38;2;114;94;79m⣿[38;2;88;74;61m⡃[0m                   [38;2;106;82;73m⢻[38;2;135;91;68m⣿[38;2;141;102;80m⣿[38;2;151;111;94m⣿[38;2;130;90;78m⣷[0m [38;2;102;62;43m⠋[0m
                      [38;2;88;70;57m⢼[38;2;117;98;82m⠟[38;2;110;90;74m⢷[38;2;115;94;78m⣽[38;2;94;75;62m⣿[38;2;110;91;75m⣾[38;2;117;97;82m⣿[38;2;93;74;60m⡿[0m                   [38;2;74;84;92m⢀[38;2;97;72;60m⡻[38;2;126;92;72m⢿[38;2;156;115;94m⣿[38;2;128;92;78m⣿[38;2;99;66;51m⡇[0m  [38;2;78;72;68m⢀[38;2;81;78;74m⣀[0m
                     [38;2;92;73;57m⢼[38;2;104;84;67m⣯[38;2;108;82;66m⣴[38;2;220;187;157m⣿[38;2;247;211;183m⣿[38;2;170;134;112m⣿[38;2;135;102;84m⣿[38;2;120;86;67m⣕[38;2;98;63;43m⡤[0m                 [38;2;135;140;140m⣠[38;2;174;176;176m⣾[38;2;120;120;118m⠋[0m [38;2;115;84;68m⣷[38;2;100;72;56m⣍[0m    [38;2;96;92;87m⣘[38;2;106;104;100m⡿[0m                [38;2;94;68;55m⢀[38;2;127;98;84m⣀[38;2;118;86;73m⣀[38;2;129;92;78m⣀[38;2;116;82;68m⣀[0m
                    [38;2;80;62;54m⢀[38;2;88;68;55m⡾[38;2;88;67;51m⣦[38;2;157;123;96m⣿[38;2;217;178;151m⣿[38;2;151;122;104m⣿[38;2;160;123;100m⣿[38;2;222;182;153m⣿[38;2;128;93;73m⣿[38;2;105;76;62m⡿[38;2;98;64;48m⢦[38;2;91;55;39m⡀[0m              [38;2;90;91;92m⠸[38;2;255;255;255m⣿⣿[38;2;91;98;111m⣂[38;2;133;106;105m⢰[38;2;136;106;102m⣿[38;2;117;91;96m⣿[38;2;98;78;86m⡶[38;2;108;80;76m⠖[0m [38;2;140;136;129m⠘[38;2;200;200;195m⠋[0m    [38;2;163;67;48m⢀[38;2;158;62;42m⡀[0m          [38;2;127;104;92m⢴[38;2;236;186;157m⣿[38;2;255;228;204m⣿[38;2;255;219;196m⣿[38;2;246;200;175m⣿[38;2;217;164;138m⣿[38;2;153;109;87m⣿[38;2;97;67;49m⣷[0m
                    [38;2;91;68;55m⣿[38;2;98;73;56m⣋[38;2;99;73;58m⠙[38;2;230;190;159m⣿[38;2;255;235;208m⣿[38;2;242;205;180m⣿[38;2;255;217;190m⣿[38;2;255;216;190m⣿[38;2;134;96;76m⣿[38;2;196;157;130m⣿[38;2;142;103;84m⣿[38;2;112;76;58m⡇[0m           [38;2;148;80;62m⢀[38;2;235;122;86m⣠[38;2;97;91;135m⣤[38;2;217;132;108m⣀[38;2;110;88;85m⣉[38;2;147;145;147m⡉[38;2;218;220;224m⠉[38;2;104;106;127m⠉[38;2;62;69;110m⠁[38;2;78;69;74m⢀[38;2;92;80;80m⣀[38;2;112;105;105m⠴[38;2;141;105;105m⠖[38;2;130;62;54m⣃[38;2;148;44;30m⣤[38;2;154;51;34m⣤[38;2;93;86;126m⣤[38;2;88;78;115m⣶[38;2;181;76;56m⣾[38;2;235;114;74m⣿[38;2;250;129;85m⣿[38;2;204;94;62m⣿[38;2;218;111;78m⣶[38;2;154;81;64m⣤[0m       [38;2;156;121;104m⢸[38;2;220;175;148m⣿[38;2;238;196;171m⠿[38;2;254;210;182m⣿[38;2;212;170;144m⣿[38;2;165;129;109m⣛[38;2;120;85;69m⠿[38;2;97;66;49m⢋[38;2;82;55;38m⡀[0m
                   [38;2;82;68;61m⠠[38;2;82;60;43m⠛[38;2;96;68;51m⡁[38;2;84;56;43m⠄[38;2;217;175;141m⣿[38;2;228;183;151m⣿[38;2;211;168;139m⣿[38;2;235;193;168m⣿[38;2;170;122;103m⣿[38;2;103;63;46m⡽[38;2;151;108;85m⣿[38;2;126;79;58m⣿[38;2;108;60;39m⡇[0m        [38;2;114;84;85m⢀[38;2;204;123;105m⣠[38;2;228;124;84m⣾[38;2;255;145;94m⣿[38;2;224;134;109m⣿[38;2;94;111;168m⣿[38;2;255;151;100m⣿[38;2;255;145;93m⣿[38;2;229;136;93m⣿[38;2;188;127;97m⣿[38;2;177;122;94m⣿[38;2;176;121;97m⣿[38;2;190;130;100m⣿[38;2;219;129;85m⣿[38;2;237;121;78m⣿[38;2;241;120;78m⣿[38;2;240;120;76m⣿[38;2;232;127;93m⣿[38;2;123;127;169m⣿[38;2;123;106;142m⣿[38;2;213;96;66m⣿[38;2;248;126;82m⣿[38;2;255;150;97m⣿[38;2;255;150;94m⣿[38;2;244;128;88m⡿[38;2;171;99;91m⣟[38;2;163;134;151m⣥[38;2;99;105;152m⣤[38;2;154;128;135m⣶[38;2;142;122;133m⡀[0m    [38;2;162;129;117m⣿[38;2;231;188;163m⣿[38;2;237;199;177m⣿[38;2;255;205;180m⣿[38;2;123;81;64m⣿[38;2;196;150;129m⣿[38;2;210;162;136m⣿[38;2;152;112;92m⣿[38;2;90;58;43m⠇[0m [38;2;87;57;44m⡷[0m
                    [38;2;100;70;52m⠻[38;2;97;66;48m⠿[38;2;109;80;58m⣷[38;2;145;111;86m⠿[38;2;207;165;130m⣿[38;2;230;187;152m⣿[38;2;236;192;162m⣿[38;2;202;153;129m⣿[38;2;124;81;61m⣷[38;2;112;72;51m⣿[38;2;111;61;42m⡿[38;2;103;55;39m⠃[0m       [38;2;189;102;75m⣴[38;2;246;139;99m⣿[38;2;171;118;116m⣿[38;2;255;154;98m⣿[38;2;255;151;97m⣿[38;2;200;134;127m⣿[38;2;87;110;170m⣿[38;2;255;166;105m⣿[38;2;255;162;104m⣿[38;2;184;142;116m⣿[38;2;114;132;135m⣿[38;2;164;151;114m⣿[38;2;153;142;112m⣿[38;2;94;112;129m⣿[38;2;189;129;99m⣿[38;2;255;160;104m⣿[38;2;255;146;93m⣿[38;2;228;136;112m⣿[38;2;86;133;202m⣿[38;2;103;99;140m⣿[38;2;205;87;58m⣿[38;2;255;145;94m⣿[38;2;255;144;93m⣿[38;2;255;151;98m⣿[38;2;207;124;97m⢟[38;2;223;121;87m⣼[38;2;255;140;91m⣿[38;2;252;141;102m⣿[38;2;166;139;163m⣿[38;2;186;150;159m⣿[38;2;180;142;147m⣿[38;2;104;100;110m⠦[0m   [38;2;158;134;124m⢹[38;2;255;208;178m⣿[38;2;253;204;181m⣿[38;2;206;154;138m⣿[38;2;132;88;76m⣿[38;2;141;97;84m⣿[38;2;177;130;111m⣿[38;2;123;85;67m⣿[0m  [38;2;94;63;50m⠃[0m
                   [38;2;187;117;79m⢀[38;2;187;117;88m⣔[38;2;68;66;72m⣳[38;2;181;180;175m⣿[38;2;246;238;229m⣷[38;2;198;184;171m⣌[38;2;157;124;97m⣛[38;2;196;159;130m⠿[38;2;168;124;104m⠿[38;2;114;72;52m⢿[38;2;99;60;39m⣯[38;2;88;56;46m⠄[0m       [38;2;140;85;69m⢸[38;2;255;140;92m⣿[38;2;255;150;94m⣿[38;2;192;120;106m⣿[38;2;208;129;105m⣿[38;2;255;146;94m⣿[38;2;255;145;104m⣿[38;2;81;106;175m⣿[38;2;255;151;103m⣿[38;2;255;157;103m⡿[38;2;240;141;91m⠟[38;2;164;92;62m⡛[38;2;183;104;70m⠉[38;2;208;118;74m⠉[38;2;189;105;69m⠛[38;2;247;142;92m⠻[38;2;255;148;99m⣿[38;2;222;134;111m⣿[38;2;75;115;187m⣿[38;2;84;76;117m⣿[38;2;219;100;68m⣿[38;2;234;108;72m⣿[38;2;255;145;93m⣿[38;2;248;135;90m⡿[38;2;171;116;100m⣣[38;2;244;147;103m⣿[38;2;243;132;86m⡿[38;2;212;103;69m⣿[38;2;224;104;68m⣿[38;2;204;88;60m⣿[38;2;159;62;45m⣟[38;2;127;44;30m⣂[0m    [38;2;80;76;78m⠘[38;2;222;181;153m⣿[38;2;240;190;165m⣿[38;2;238;187;169m⣿[38;2;222;170;151m⣿[38;2;178;128;109m⣿[38;2;164;122;103m⣿[38;2;106;73;57m⣿[0m
                 [38;2;37;70;117m⢀[38;2;90;118;177m⣠[38;2;194;144;132m⣿[38;2;238;166;129m⣿[38;2;151;115;108m⣿[38;2;92;96;109m⣍[38;2;154;152;150m⠻[38;2;206;205;204m⢿[38;2;207;199;194m⣿[38;2;158;133;115m⣿[38;2;122;92;73m⣿[38;2;109;78;58m⣿[38;2;99;67;50m⡿[38;2;88;79;68m⠻[38;2;112;104;93m⣿[38;2;116;110;100m⣆[0m    [38;2;88;61;57m⠐[38;2;243;135;91m⣿[38;2;255;145;93m⣿[38;2;255;138;88m⣿[38;2;255;146;94m⣿[38;2;175;103;96m⣿[38;2;184;115;104m⣿[38;2;255;142;90m⣿[38;2;147;115;139m⣿[38;2;133;105;103m⣛[38;2;122;99;85m⣷[38;2;100;78;63m⣷[38;2;110;87;73m⣷[38;2;97;76;63m⡴[38;2;93;73;60m⡚[38;2;86;68;55m⠒[0m [38;2;114;68;51m⠈[38;2;87;111;168m⠙[38;2;99;88;134m⢿[38;2;206;90;60m⣿[38;2;247;120;79m⣿[38;2;176;57;38m⣿[38;2;218;105;75m⣿[38;2;73;87;134m⢿[38;2;123;99;117m⣿[38;2;168;75;57m⣵[38;2;234;116;79m⣾[38;2;238;117;76m⣿[38;2;204;87;56m⣿[38;2;180;70;48m⣿[38;2;163;57;38m⣿[38;2;144;48;30m⣃[0m     [38;2;175;135;118m⠈[38;2;148;115;102m⣻[38;2;157;114;98m⣟[38;2;157;109;93m⡻[38;2;121;78;61m⠟[38;2;94;57;44m⠉[38;2;92;67;48m⣠[38;2;90;60;44m⣔[38;2;85;52;37m⡀[0m  [38;2;94;92;87m⢠[38;2;104;104;99m⡀[0m [38;2;92;63;57m⡀[0m
               [38;2;190;112;76m⣀[38;2;252;157;105m⣤[38;2;254;154;99m⣶[38;2;230;142;108m⣿[38;2;224;148;120m⣿[38;2;172;126;133m⣿[38;2;136;122;158m⣿[38;2;148;118;141m⣿[38;2;172;105;92m⣧[38;2;211;97;60m⡀[0m [38;2;106;102;102m⢩[38;2;166;162;158m⣛[38;2;156;144;134m⠛[38;2;147;138;130m⠷[38;2;147;147;144m⠦[38;2;134;129;117m⠿[38;2;132;127;115m⠿[38;2;85;79;72m⠃[0m   [38;2;108;66;56m⢠[38;2;234;118;79m⣿[38;2;240;121;79m⣿[38;2;241;118;79m⣿[38;2;230;111;74m⣿[38;2;172;88;75m⣿[38;2;171;90;82m⣿[38;2;255;132;86m⣿[38;2;206;126;93m⣿[38;2;255;231;198m⣿[38;2;255;242;218m⣿[38;2;255;225;200m⣿[38;2;255;220;192m⣿[38;2;237;195;168m⣿[38;2;187;144;121m⣿[38;2;142;104;81m⣿[38;2;102;69;51m⣧[0m  [38;2;162;64;49m⠸[38;2;228;108;74m⣿[38;2;174;79;63m⡿[38;2;157;50;36m⠿[38;2;170;70;55m⣿[38;2;85;63;82m⠧[38;2;174;84;60m⣞[38;2;182;81;56m⣿[38;2;243;120;80m⣿[38;2;237;116;78m⣿[38;2;241;116;78m⣿[38;2;217;94;63m⣿[38;2;217;94;62m⣿[38;2;200;85;55m⣿[38;2;175;73;48m⠆[0m   [38;2;152;154;158m⣰[38;2;207;206;200m⣿[38;2;206;196;189m⣿[38;2;178;141;120m⣿[38;2;116;87;70m⣷[38;2;114;86;69m⣿[38;2;112;81;66m⣿[38;2;109;78;62m⣿[38;2;108;81;68m⣿[38;2;108;91;84m⣥[38;2;99;98;98m⠤[38;2;80;76;78m⠂[38;2;106;104;103m⠉[0m [38;2;121;37;19m⢀[38;2;127;63;48m⡁[0m
             [38;2;171;117;110m⣰[38;2;140;110;118m⣿[38;2;142;121;136m⣿[38;2;153;122;127m⣿[38;2;240;150;108m⣿[38;2;255;170;108m⣿[38;2;255;172;109m⣿[38;2;255;141;90m⣿[38;2;254;135;88m⣿[38;2;186;117;114m⣿[38;2;108;118;174m⣿[38;2;174;144;156m⣿[38;2;231;134;93m⣿[38;2;248;138;91m⣶[38;2;206;126;88m⣯[38;2;226;134;88m⣼[38;2;214;106;69m⣿[38;2;190;80;54m⣿[38;2;184;72;49m⣶[38;2;160;55;38m⣶[38;2;141;45;31m⣶[38;2;148;49;32m⣄[38;2;165;64;42m⣶[38;2;132;40;27m⠠[38;2;181;84;56m⣾[38;2;254;138;88m⣿[38;2;255;138;88m⣿[38;2;241;115;74m⣿[38;2;211;90;60m⣷[38;2;169;74;55m⡾[38;2;80;66;96m⡇[38;2;211;104;73m⢻[38;2;204;147;123m⢿[38;2;252;212;184m⣿[38;2;234;195;174m⣿[38;2;252;210;184m⣿[38;2;252;210;186m⣿[38;2;222;182;158m⡿[38;2;181;141;120m⣿[38;2;150;109;90m⣿[38;2;115;78;57m⣿[38;2;104;64;43m⡄[0m  [38;2;72;76;120m⣿[38;2;38;78;140m⠰[38;2;33;80;147m⣾[38;2;38;84;150m⣿[38;2;43;80;138m⣂[38;2;124;76;84m⣸[38;2;255;141;92m⣿[38;2;237;116;78m⣿[38;2;236;118;78m⣿[38;2;249;124;81m⣿[38;2;229;104;69m⣿[38;2;214;90;60m⣿[38;2;188;74;49m⣿[38;2;127;44;30m⣁[0m  [38;2;76;67;72m⡦[38;2;97;96;98m⠼[38;2;207;206;206m⠿[38;2;116;121;134m⠿[38;2;176;151;139m⠿[38;2;151;130;121m⣿[38;2;138;121;117m⣟[38;2;116;99;96m⡏[38;2;96;82;82m⣉[38;2;74;68;72m⠁[0m  [38;2;150;69;61m⣀[38;2;97;72;103m⣤[38;2;136;55;45m⠒[38;2;141;54;40m⢉[38;2;146;61;45m⣁[38;2;156;67;46m⡀[0m
           [38;2;230;135;90m⣠[38;2;234;128;85m⣾[38;2;255;146;96m⣿[38;2;255;151;100m⣿[38;2;255;154;102m⣿[38;2;247;136;99m⣿[38;2;128;99;117m⣿[38;2;200;124;103m⠻[38;2;255;144;94m⣿[38;2;255;147;93m⣿[38;2;204;84;54m⣿[38;2;255;138;90m⣿[38;2;248;130;91m⣿[38;2;142;123;145m⣿[38;2;122;142;175m⣿[38;2;240;151;115m⣿[38;2;255;139;90m⣿[38;2;218;98;63m⣿[38;2;189;99;80m⣿[38;2;150;88;85m⣿[38;2;135;69;64m⣿[38;2;134;58;51m⣿[38;2;142;62;54m⣿[38;2;171;63;44m⣿[38;2;174;61;40m⣿[38;2;108;52;57m⣄[38;2;158;56;38m⢻[38;2;187;73;46m⣿[38;2;194;84;57m⣿[38;2;220;102;69m⣿[38;2;178;72;55m⣿[38;2;63;69;116m⠿[38;2;33;72;123m⠁[0m [38;2;214;150;126m⣾[38;2;194;158;136m⣿[38;2;193;158;138m⣶[38;2;226;188;165m⣿[38;2;166;118;96m⣿[38;2;152;114;94m⣿[38;2;181;144;124m⣶[38;2;135;99;79m⣿[38;2;122;84;62m⣿[38;2;106;64;46m⣿[38;2;100;62;45m⢰[38;2;123;78;58m⣾[38;2;108;70;76m⣿[0m [38;2;43;93;165m⠟[38;2;34;84;148m⢻[38;2;28;70;130m⣯[38;2;45;62;112m⠃[38;2;194;93;70m⢻[38;2;255;140;91m⣿[38;2;255;153;99m⣿[38;2;255;146;93m⣿[38;2;255;142;93m⣿[38;2;204;84;55m⣿[38;2;188;74;49m⠟[38;2;135;42;26m⠁[38;2;216;132;98m⣠[38;2;145;105;116m⣼[38;2;180;117;97m⣿[38;2;146;96;81m⣶[38;2;151;91;79m⣒[38;2;158;90;70m⣸[38;2;188;114;85m⣭[38;2;217;136;102m⣭[38;2;231;129;88m⣥[38;2;214;97;64m⣶[38;2;222;97;64m⣶[38;2;226;106;70m⣾[38;2;204;114;91m⣿[38;2;146;115;134m⣿[38;2;117;110;145m⢟[38;2;188;100;85m⣵[38;2;231;118;81m⣿[38;2;255;133;85m⣿[38;2;247;122;79m⣿[38;2;237;112;74m⣿[38;2;207;92;60m⣷[38;2;166;64;43m⣤[38;2;145;54;33m⡀[0m
           [38;2;168;97;79m⣾[38;2;225;124;88m⣝[38;2;224;122;85m⡿[38;2;241;133;90m⣿[38;2;255;147;99m⣿[38;2;255;136;86m⣿[38;2;254;130;85m⣿[38;2;200;114;96m⣿[38;2;118;88;108m⣟[38;2;222;112;82m⢿[38;2;229;103;67m⣿[38;2;235;109;70m⣿[38;2;255;134;86m⣿[38;2;252;127;85m⣿[38;2;159;128;133m⣿[38;2;120;146;175m⣿[38;2;216;128;104m⣿[38;2;232;109;70m⣿[38;2;205;124;106m⣿[38;2;98;114;144m⣩[38;2;96;94;118m⣿[38;2;110;114;141m⢟[38;2;94;114;148m⣋[38;2;148;88;90m⣿[38;2;182;67;43m⣿[38;2;117;69;76m⣿[38;2;110;55;61m⣿[38;2;201;81;54m⣿[38;2;150;58;46m⣿[38;2;188;81;61m⣼[38;2;100;60;80m⣿[38;2;33;78;146m⣧[0m  [38;2;212;121;93m⣿[38;2;255;235;202m⣿[38;2;255;229;202m⣿[38;2;214;166;146m⣿[38;2;128;85;69m⣿[38;2;162;115;94m⣿[38;2;244;198;166m⣿[38;2;212;162;133m⣿[38;2;140;93;72m⣿[38;2;104;58;38m⣿[38;2;109;64;48m⣸[38;2;158;85;63m⣿[38;2;166;81;70m⣿[0m  [38;2;34;76;140m⠓[38;2;34;78;142m⠓[38;2;231;138;96m⣠[38;2;248;147;98m⣾[38;2;255;160;103m⣿[38;2;255;154;99m⣿[38;2;255;128;84m⣿[38;2;214;88;58m⣿[38;2;165;52;36m⣿[38;2;207;122;90m⣴[38;2;229;153;123m⣿[38;2;117;112;152m⣿[38;2;252;169;123m⣿[38;2;172;162;140m⣿[38;2;180;160;135m⣿[38;2;188;151;117m⣿[38;2;156;150;141m⣿[38;2;208;142;100m⣿[38;2;255;141;93m⣿[38;2;255;130;85m⣿[38;2;255;150;97m⣿[38;2;243;163;126m⣿[38;2;135;147;180m⣿[38;2;88;118;177m⠟[38;2;151;58;48m⣵[38;2;235;116;76m⣿[38;2;255;147;94m⣿[38;2;255;145;92m⣿[38;2;255;141;93m⣿[38;2;250;130;87m⠟[38;2;229;112;76m⠋[38;2;206;98;68m⠉[38;2;147;100;99m⢁[38;2;181;132;127m⣉[38;2;156;114;109m⣂[0m
          [38;2;184;102;73m⢰[38;2;234;123;81m⣿[38;2;254;136;86m⣿[38;2;255;147;96m⣿[38;2;253;141;91m⣶[38;2;226;122;84m⣬[38;2;187;109;87m⣝[38;2;165;105;97m⣻[38;2;196;109;91m⡿[38;2;198;88;62m⣿[38;2;142;82;86m⡆[38;2;156;82;74m⠻[38;2;222;103;69m⣿[38;2;230;106;69m⣿[38;2;255;130;84m⣿[38;2;236;114;76m⣿[38;2;129;112;132m⣿[38;2;108;128;157m⣿[38;2;208;120;98m⣿[38;2;228;108;73m⣿[38;2;206;105;76m⣿[38;2;190;99;80m⣿[38;2;160;110;117m⣿[38;2;170;109;110m⣿[38;2;208;110;86m⣿[38;2;242;121;79m⣿[38;2;103;62;74m⡟[38;2;115;49;50m⣿[38;2;189;73;48m⣿[38;2;174;67;45m⣿[38;2;208;92;62m⣿[38;2;210;92;61m⣷[38;2;205;88;63m⡀[0m [38;2;111;45;36m⢀[38;2;196;91;63m⠛[38;2;223;172;136m⣿[38;2;235;193;160m⣿[38;2;231;187;162m⣿[38;2;190;142;126m⣿[38;2;133;90;75m⣿[38;2;136;98;76m⣿[38;2;141;99;78m⣿[38;2;108;68;49m⣿[38;2;97;60;40m⡿[38;2;108;85;78m⢸[38;2;111;97;100m⡽[38;2;130;72;63m⠟[38;2;82;52;61m⣀[0m [38;2;195;112;75m⢀[38;2;249;148;102m⣾[38;2;255;170;109m⣿[38;2;255;164;104m⣿[38;2;255;153;97m⣿[38;2;255;136;88m⣿[38;2;234;105;70m⣿[38;2;212;88;57m⣿[38;2;181;121;115m⣿[38;2;255;176;132m⣿[38;2;123;145;188m⣿[38;2;255;170;117m⣿[38;2;255;183;120m⣿[38;2;146;150;144m⣿[38;2;154;144;124m⣿[38;2;192;160;130m⣿[38;2;176;158;140m⣿[38;2;242;140;90m⣿[38;2;255;166;108m⣿[38;2;247;159;116m⣿[38;2;112;121;158m⣿[38;2;64;110;181m⡿[38;2;75;70;117m⢃[38;2;152;48;31m⣾[38;2;230;114;74m⣿[38;2;255;145;93m⣿[38;2;255;142;92m⣿[38;2;255;141;94m⣿[38;2;136;102;114m⣿[38;2;186;103;90m⣷[38;2;182;78;58m⣾[38;2;222;98;75m⣿[38;2;196;56;61m⣿[38;2;220;152;156m⣿[38;2;229;214;218m⣌[38;2;162;124;127m⣷[38;2;150;94;102m⡀[0m
          [38;2;214;115;76m⢸[38;2;240;135;91m⣷[38;2;154;102;100m⠿[38;2;151;100;100m⠟[38;2;236;129;88m⠛[38;2;208;103;67m⠿[38;2;214;106;69m⠟[38;2;230;120;82m⠛[38;2;159;81;76m⠻[38;2;104;49;54m⠌[38;2;214;115;90m⠙[38;2;75;73;112m⢟[38;2;135;78;84m⢻[38;2;204;88;57m⣿[38;2;232;109;72m⣿[38;2;238;116;76m⣿[38;2;175;91;85m⣯[38;2;115;111;133m⣻[38;2;86;99;128m⡿[38;2;172;72;55m⣿[38;2;255;130;87m⣿[38;2;139;72;86m⣧[38;2;120;108;146m⣯[38;2;116;90;128m⣧[38;2;132;66;84m⡍[38;2;151;54;42m⣽[38;2;80;63;87m⡏[38;2;135;44;32m⣿[38;2;187;72;48m⣿[38;2;172;66;45m⡿[38;2;182;80;55m⡻[38;2;225;110;75m⠋[38;2;132;46;34m⣘[38;2;152;55;39m⢆[0m [38;2;136;67;48m⠃[38;2;166;80;66m⢻[38;2;195;138;109m⣿[38;2;219;181;152m⣿[38;2;184;146;123m⣿[38;2;141;104;85m⣿[38;2;110;75;58m⡿[38;2;105;70;50m⠟[38;2;91;61;43m⢋[38;2;99;69;49m⡀[38;2;152;146;133m⠘[38;2;96;110;112m⠇[38;2;91;68;74m⠠[38;2;91;73;80m⠏[38;2;166;62;43m⠧[38;2;236;130;87m⣼[38;2;255;154;100m⣿[38;2;255;159;102m⣿[38;2;255;152;97m⣿[38;2;244;117;76m⣿[38;2;224;94;63m⣿[38;2;218;91;61m⣿[38;2;255;169;109m⣿[38;2;216;147;128m⣿[38;2;242;174;144m⣿[38;2;153;139;164m⣿[38;2;255;159;100m⣿[38;2;240;136;91m⣿[38;2;91;64;60m⠫[38;2;188;88;70m⠆[38;2;144;88;63m⢻[38;2;255;159;104m⣿[38;2;255;139;91m⣿[38;2;246;134;93m⣿[38;2;72;102;159m⣿[38;2;52;88;157m⣿[0m [38;2;166;57;37m⣾[38;2;234;112;72m⣿[38;2;255;146;93m⣿[38;2;255;140;90m⣿[38;2;254;134;87m⣿[38;2;170;108;99m⢣[38;2;249;139;98m⣿[38;2;254;128;82m⣿[38;2;229;106;69m⣿[38;2;219;94;62m⣿[38;2;208;90;64m⣿[38;2;168;49;43m⠯[38;2;196;166;171m⠉[38;2;124;105;104m⠉[38;2;87;62;64m⠁[0m
          [38;2;193;97;70m⠈[38;2;172;73;48m⣷[38;2;174;70;48m⣛[38;2;211;99;67m⣛[38;2;168;79;64m⣛[38;2;124;51;51m⣋[38;2;140;72;70m⣲[38;2;153;67;56m⡦[38;2;132;37;22m⡀[0m [38;2;136;45;32m⠠[0m [38;2;72;68;103m⢈[38;2;62;79;129m⣵[38;2;127;85;98m⣿[38;2;169;62;44m⣿[38;2;144;85;93m⣿[38;2;109;96;127m⠿[38;2;128;87;104m⣷[38;2;99;90;130m⣾[38;2;232;123;94m⣿[38;2;194;94;85m⣷[38;2;112;64;92m⣚[38;2;72;62;105m⠙[38;2;128;64;72m⣫[38;2;144;52;45m⡏[38;2;73;69;94m⠙[38;2;148;48;32m⢿[38;2;127;56;55m⢋[38;2;105;60;70m⣀[38;2;130;38;25m⡄[38;2;127;37;26m⠘[38;2;140;43;28m⠁[0m  [38;2;94;80;84m⣀[38;2;129;67;58m⡾[38;2;121;67;58m⠿[38;2;157;122;103m⣷[38;2;138;109;92m⣤[38;2;98;70;56m⣤⣴[38;2;100;72;55m⣾[38;2;104;73;57m⣿[38;2;94;61;44m⣷[38;2;91;58;43m⡄[38;2;87;55;39m⡀[38;2;86;78;72m⠂[38;2;118;112;115m⣠[38;2;97;86;88m⠄[38;2;109;49;51m⡄[38;2;166;67;44m⣸[38;2;217;100;64m⣿[38;2;236;108;73m⣿[38;2;187;63;42m⣿[38;2;189;67;45m⣿[38;2;206;92;61m⣿[38;2;255;166;108m⣿[38;2;154;124;135m⣿[38;2;255;156;102m⣿[38;2;99;124;184m⣿[38;2;235;146;114m⣿[38;2;253;154;100m⣿[38;2;199;117;80m⡀[0m [38;2;220;121;80m⣸[38;2;242;115;76m⣿[38;2;247;129;91m⣿[38;2;100;115;160m⣿[38;2;52;104;176m⡿[38;2;51;81;144m⠁[38;2;162;54;33m⣼[38;2;241;115;74m⣿[38;2;255;147;94m⣿[38;2;255;139;88m⣿[38;2;255;139;91m⣿[38;2;168;103;92m⢃[38;2;212;127;104m⣿[38;2;235;122;80m⡿[38;2;244;128;84m⠛[38;2;222;109;79m⠉[38;2;123;40;28m⢁[38;2;158;54;37m⣤[38;2;175;68;45m⣶[38;2;151;52;33m⣶[38;2;163;61;39m⣾[38;2;172;67;45m⠇[0m
          [38;2;212;110;76m⣰[38;2;255;146;92m⣿[38;2;255;138;87m⣿[38;2;253;130;84m⣿[38;2;255;133;86m⣿[38;2;236;111;73m⣿[38;2;218;96;63m⣿[38;2;145;46;30m⡧[38;2;126;38;24m⠆[0m [38;2;32;76;142m⣀[38;2;40;92;162m⣠[38;2;40;93;165m⣼[38;2;48;108;186m⣾[38;2;52;104;172m⣿[38;2;67;79;126m⢟[38;2;166;82;73m⣵[38;2;234;111;74m⣿[38;2;255;142;93m⣿[38;2;158;106;115m⣿[38;2;91;90;134m⣿[38;2;213;121;94m⣿[38;2;232;108;70m⣿[38;2;195;75;49m⣿[38;2;208;86;60m⣿[38;2;86;68;106m⣧[38;2;93;60;92m⣆[0m [38;2;37;69;123m⠘[38;2;51;80;133m⣇[0m  [38;2;67;58;67m⠠[38;2;82;79;86m⣴[38;2;84;82;93m⡊[38;2;165;163;166m⢡[38;2;132;127;126m⣖[0m [38;2;158;130;121m⣿[38;2;153;117;100m⣿[38;2;116;85;72m⣿[38;2;117;84;72m⣿[38;2;116;82;68m⣿[38;2;102;73;60m⣿[38;2;97;70;57m⡿[38;2;91;66;56m⠇[38;2;88;60;43m⠁[38;2;124;120;124m⠈[38;2;80;76;80m⠁[0m [38;2;103;57;74m⢠[38;2;177;79;60m⠿[38;2;180;67;44m⠃[38;2;174;60;42m⢹[38;2;168;51;34m⣿[38;2;160;48;33m⠟[38;2;194;106;75m⢸[38;2;237;136;99m⣿[38;2;180;114;103m⣿[38;2;195;92;69m⣻[38;2;172;123;136m⣿[38;2;181;133;141m⣿[38;2;255;146;93m⣿[38;2;255;141;91m⣿[38;2;255;144;92m⣿[38;2;244;121;78m⣿[38;2;243;124;84m⣿[38;2;134;126;159m⣿[38;2;112;105;146m⣿[38;2;170;62;38m⡄[38;2;170;62;40m⣾[38;2;237;115;75m⣿[38;2;244;126;81m⣿[38;2;219;100;64m⣿[38;2;229;106;69m⣿[38;2;171;93;76m⡏[38;2;75;73;106m⡛[38;2;108;81;99m⢑[38;2;169;92;84m⣶[38;2;211;92;62m⣶[38;2;192;79;51m⣿[38;2;207;88;58m⠿[38;2;206;87;58m⠟[38;2;200;86;56m⠋[0m
         [38;2;156;64;44m⢰[38;2;246;127;82m⣿[38;2;255;142;91m⣿[38;2;255;145;91m⣿[38;2;255;136;88m⣿[38;2;253;129;82m⣿[38;2;220;99;64m⣿[38;2;204;85;56m⣿[38;2;153;54;34m⠇[0m [38;2;36;81;148m⣼[38;2;36;84;152m⣯[38;2;31;70;132m⠅[38;2;39;84;154m⡠[38;2;48;100;171m⢭[38;2;61;111;180m⡿[38;2;145;44;27m⢸[38;2;188;73;49m⣿[38;2;208;87;58m⣿[38;2;248;129;82m⣿[38;2;255;154;99m⣿[38;2;156;100;109m⣿[38;2;66;85;146m⠞[38;2;188;88;72m⢿[38;2;213;90;60m⣿[38;2;162;85;86m⣿[38;2;34;78;153m⡤[38;2;171;69;52m⣿[0m  [38;2;33;67;126m⡇[38;2;162;79;54m⢀[38;2;212;120;78m⣵[38;2;234;165;133m⣶[38;2;117;102;127m⣿[38;2;110;76;75m⣯[38;2;96;90;92m⣛[38;2;94;92;97m⡛[38;2;85;90;103m⠛[38;2;110;104;106m⢛[38;2;122;109;104m⣛[38;2;117;104;99m⣋[38;2;108;93;92m⣩[38;2;86;79;79m⠽[38;2;165;157;150m⠶[38;2;81;68;66m⠆[38;2;133;43;28m⣀[38;2;157;49;32m⣀[38;2;117;57;64m⣤[38;2;90;112;169m⣴[38;2;157;134;147m⣾[38;2;236;144;104m⡶[38;2;218;122;88m⠿[38;2;224;118;81m⣛[38;2;205;103;68m⣿[38;2;219;111;73m⣄[0m [38;2;218;133;91m⣼[38;2;226;138;106m⣿[38;2;174;93;84m⣟[38;2;112;60;69m⡫[38;2;165;93;88m⣿[38;2;123;108;141m⣿[38;2;226;108;73m⣿[38;2;234;115;75m⣿[38;2;230;109;70m⣿[38;2;228;106;73m⣿[38;2;136;116;136m⣿[38;2;110;96;130m⣿[38;2;238;121;81m⣿[38;2;213;106;74m⣧[38;2;189;92;78m⢻[38;2;218;109;78m⠟[38;2;123;87;100m⣋[38;2;128;92;106m⣉[38;2;250;124;82m⠉[38;2;69;54;76m⠈[38;2;157;63;50m⣠[38;2;177;82;58m⢾[38;2;142;54;42m⣿[38;2;141;48;31m⠽[38;2;138;43;31m⢒[38;2;177;69;46m⣠[38;2;163;60;42m⣴[38;2;163;58;38m⣶[38;2;164;62;40m⠷[0m
         [38;2;188;85;57m⢸[38;2;254;133;85m⣿[38;2;255;142;90m⣿[38;2;255;130;84m⣿[38;2;246;120;78m⣿[38;2;241;115;75m⣿[38;2;170;61;39m⣿[38;2;151;50;31m⣿[0m  [38;2;40;91;163m⢿[38;2;39;86;153m⡿[38;2;40;81;145m⠉[38;2;37;75;136m⠉[38;2;60;94;146m⣵[38;2;49;72;118m⠃[38;2;130;38;24m⣾[38;2;158;52;33m⢿[38;2;202;82;56m⣿[38;2;229;102;67m⣿[38;2;226;104;69m⣿[38;2;225;97;64m⣿[38;2;162;67;61m⣧[38;2;45;87;160m⣤[38;2;190;102;91m⣿[38;2;86;79;126m⣯[38;2;106;64;90m⣱[38;2;163;56;38m⣿[0m [38;2;183;121;88m⣠[38;2;212;140;110m⣵[38;2;253;156;102m⣿[38;2;253;180;136m⣿[38;2;129;145;188m⣿[38;2;230;165;133m⣿[38;2;255;160;105m⣷[38;2;232;129;85m⣦[38;2;181;104;79m⣭[38;2;194;117;92m⣭[38;2;202;122;92m⣭[38;2;229;136;96m⣥[38;2;244;147;96m⣴[38;2;246;148;97m⣶[38;2;255;152;98m⣶[38;2;214;100;67m⣾[38;2;189;73;48m⣿[38;2;200;104;82m⣿[38;2;150;123;145m⣿[38;2;169;151;162m⣿[38;2;244;154;110m⡿[38;2;172;74;49m⣫[38;2;180;70;45m⣾[38;2;232;112;73m⣿[38;2;255;166;106m⣿[38;2;201;141;116m⣿[38;2;135;99;106m⡏[38;2;152;81;64m⠉[38;2;201;106;72m⠻[38;2;246;124;82m⢿[38;2;148;92;100m⣿[38;2;58;80;126m⠇[38;2;210;102;69m⣿[38;2;152;105;124m⣿[38;2;128;94;123m⣿[38;2;244;115;76m⣿[38;2;248;122;80m⣿[38;2;154;106;117m⡿[38;2;85;97;145m⢿[38;2;238;123;88m⣿[38;2;230;104;68m⣿[38;2;244;116;76m⣿[38;2;139;75;78m⡆[38;2;43;86;147m⣰[38;2;42;93;162m⡇[0m   [38;2;171;58;39m⠁[38;2;162;75;60m⠋[38;2;189;84;58m⢰[38;2;193;80;55m⣾[38;2;223;102;68m⣿[38;2;212;92;61m⣿[38;2;189;78;54m⢷[38;2;162;58;40m⣛[38;2;160;56;37m⣡[38;2;159;55;34m⣴[38;2;150;52;34m⢂[38;2;152;58;38m⡀[0m
         [38;2;212;103;68m⣼[38;2;252;132;84m⣿[38;2;255;134;86m⣿[38;2;255;130;84m⣿[38;2;243;118;76m⣿[38;2;222;99;64m⣿[38;2;180;68;44m⣿[38;2;152;48;30m⣿[0m       [38;2;118;42;33m⢈[38;2;182;102;97m⣴[38;2;201;135;127m⡿[38;2;189;138;110m⠿[38;2;184;108;91m⣿[38;2;210;99;70m⣿[38;2;232;104;70m⣿[38;2;220;97;63m⣿[38;2;159;90;98m⣿[38;2;54;69;124m⢰[38;2;50;70;129m⣡[38;2;172;62;49m⣾[38;2;142;78;73m⣁[38;2;111;124;158m⣼[38;2;255;183;118m⣿[38;2;255;148;97m⣿[38;2;255;177;123m⣿[38;2;144;164;190m⣿[38;2;213;156;129m⣿[38;2;255;168;109m⣿[38;2;216;156;109m⣿[38;2;204;170;124m⣿[38;2;194;162;117m⣿[38;2;204;170;121m⣿[38;2;183;158;126m⣿[38;2;198;133;94m⣿[38;2;255;150;97m⣿[38;2;255;140;90m⣿[38;2;196;79;52m⣿[38;2;222;118;84m⣿[38;2;192;178;176m⣿[38;2;146;181;205m⣿[38;2;216;133;106m⣿[38;2;231;117;78m⡟[38;2;212;99;66m⣵[38;2;228;104;69m⣿[38;2;255;139;90m⣿[38;2;255;163;105m⣿[38;2;187;129;112m⢿[38;2;150;141;165m⣿[38;2;130;127;166m⣿[38;2;135;123;160m⣿[38;2;210;157;159m⣿[38;2;152;115;120m⣧[38;2;60;92;152m⠻[0m [38;2;202;96;66m⢻[38;2;225;102;73m⣿[38;2;68;88;157m⣿[38;2;234;117;85m⣿[38;2;162;111;122m⣿[38;2;72;100;160m⣿[38;2;224;115;85m⣿[38;2;237;110;73m⣿[38;2;200;80;51m⣿[38;2;223;96;63m⣿[38;2;90;73;99m⡧[38;2;42;87;150m⢻[38;2;37;84;146m⣷[0m     [38;2;115;42;32m⠐[38;2;196;85;56m⣿[38;2;211;88;60m⣿[38;2;207;86;57m⣿[38;2;229;104;69m⣿[38;2;231;105;70m⣿[38;2;218;96;63m⣿[38;2;186;74;48m⡛[38;2;172;67;44m⠋[0m
         [38;2;219;106;72m⣿[38;2;229;114;75m⣿[38;2;224;110;73m⣿[38;2;214;100;66m⣿[38;2;214;96;63m⣿[38;2;194;81;52m⣿[38;2;189;74;49m⢿[38;2;148;46;31m⡿[0m   [38;2;151;50;32m⣠[38;2;166;58;36m⣤[38;2;175;66;43m⣶[38;2;183;70;46m⣾[38;2;157;67;50m⣾[38;2;135;62;64m⣟[38;2;154;96;90m⢦[38;2;136;96;93m⡥[38;2;186;98;91m⣿[38;2;166;74;58m⢿[38;2;224;94;62m⣿[38;2;252;127;84m⣿[38;2;170;56;37m⣿[38;2;136;45;31m⡀[38;2;127;42;25m⢀[38;2;208;116;78m⣽[38;2;241;152;112m⣿[38;2;127;118;141m⣿[38;2;255;172;109m⣿[38;2;255;154;99m⣿[38;2;225;150;121m⣿[38;2;136;132;154m⣿[38;2;255;176;115m⣿[38;2;255;159;99m⣿[38;2;157;153;139m⣿[38;2;133;150;146m⣿[38;2;187;176;126m⣿[38;2;139;141;124m⣿[38;2;82;114;141m⣿[38;2;217;145;98m⣿[38;2;255;154;99m⣿[38;2;225;105;69m⣿[38;2;237;148;111m⣿[38;2;129;151;172m⣿[38;2;116;142;165m⡿[38;2;160;67;51m⣿[38;2;174;61;40m⣿[38;2;214;103;69m⣼[38;2;225;103;66m⣿[38;2;255;157;100m⣿[38;2;255;160;105m⡿[38;2;202;116;81m⣷[38;2;255;140;91m⣿[38;2;236;150;127m⣿[38;2;194;180;208m⣿[38;2;196;162;182m⣿[38;2;216;164;170m⣿[38;2;188;136;139m⣿[38;2;157;99;94m⣷[38;2;175;92;78m⠗[38;2;162;68;50m⠈[38;2;217;92;61m⣿[38;2;92;82;129m⣿[38;2;132;94;120m⣿[38;2;72;94;153m⣿[38;2;204;92;72m⣿[38;2;234;105;70m⣿[38;2;214;91;58m⣿[38;2;202;82;52m⣿[38;2;211;86;58m⣿[0m [38;2;42;73;126m⡽[38;2;37;81;145m⠓[0m      [38;2;202;90;62m⢸[38;2;219;90;61m⣿[38;2;208;81;55m⣿[38;2;210;85;56m⣿[38;2;216;88;58m⣿[38;2;210;85;57m⣿[38;2;198;79;54m⣿[38;2;176;68;43m⣟[38;2;159;58;36m⣻[38;2;140;49;32m⡆[0m
         [38;2;118;69;51m⠉[38;2;120;124;136m⣨[38;2;121;126;135m⣭[38;2;78;64;66m⡉[38;2;123;68;50m⠉[38;2;164;68;45m⠉[38;2;146;43;27m⠙[38;2;145;43;31m⠁[0m [38;2;130;38;24m⣀[38;2;157;54;33m⣼[38;2;207;86;56m⣿[38;2;235;108;70m⣿[38;2;237;110;73m⣿[38;2;241;114;74m⣿[38;2;235;109;70m⣿[38;2;201;88;61m⣿[38;2;182;88;61m⣯[38;2;163;67;49m⣿[38;2;162;60;43m⣵[38;2;182;66;42m⣿[38;2;223;98;64m⣿[38;2;210;86;56m⣿[38;2;198;73;50m⣿[38;2;204;79;54m⣿[38;2;189;80;51m⣿[38;2;255;182;116m⣿[38;2;255;145;93m⣿[38;2;127;111;134m⣿[38;2;255;156;103m⣿[38;2;255;152;97m⣿[38;2;232;139;103m⣿[38;2;92;87;112m⣿[38;2;237;124;85m⣿[38;2;255;139;90m⣿[38;2;231;128;96m⣿[38;2;157;115;127m⣿[38;2;146;106;123m⣿[38;2;220;124;102m⣿[38;2;216;114;85m⣿[38;2;246;123;80m⣿[38;2;229;102;67m⣿[38;2;184;92;74m⣿[38;2;96;112;135m⣿[38;2;87;102;122m⡿[38;2;141;50;38m⡽[38;2;166;57;39m⣿[38;2;219;104;69m⣿[38;2;244;118;78m⣿[38;2;255;144;93m⣿[38;2;225;120;80m⣿[38;2;237;139;92m⣿[38;2;255;153;98m⣿[38;2;236;118;76m⣿[38;2;204;93;62m⣿[38;2;192;91;67m⣿[38;2;189;98;79m⣯[38;2;171;73;50m⣽[38;2;171;68;45m⣶[38;2;135;44;26m⠶[38;2;141;49;33m⠠[38;2;111;45;37m⠄[38;2;202;90;62m⣿[38;2;92;73;111m⠿[38;2;46;73;132m⠛[38;2;190;82;62m⣿[38;2;210;84;57m⣿[38;2;217;91;61m⣿[38;2;200;81;52m⣿[38;2;205;86;56m⣿[38;2;183;82;60m⣿[38;2;166;76;61m⣧[38;2;148;62;46m⣀[0m      [38;2;217;111;78m⣀[38;2;223;115;78m⣼[38;2;255;129;84m⣿⣿[38;2;247;120;79m⣿[38;2;231;105;69m⣿[38;2;192;75;48m⣿[38;2;181;69;46m⣿[38;2;153;52;34m⣟[38;2;138;45;31m⡛[38;2;124;40;30m⠁[0m
         [38;2;32;72;114m⢀[38;2;34;75;129m⣤[0m       [38;2;156;55;34m⣿[38;2;213;91;58m⣿[38;2;237;110;70m⣿[38;2;255;130;84m⣿[38;2;255;134;86m⣿[38;2;252;126;80m⣿[38;2;238;109;73m⣿[38;2;231;104;68m⣿[38;2;224;99;64m⣿[38;2;218;92;61m⣿[38;2;211;86;56m⣿[38;2;217;88;58m⣿[38;2;206;79;52m⣿[38;2;207;80;54m⣿[38;2;205;79;52m⣿[38;2;196;69;46m⣿[38;2;255;160;103m⣿[38;2;249;139;91m⣿[38;2;234;130;93m⣿[38;2;190;116;100m⣿[38;2;147;90;94m⡻[38;2;177;72;45m⣟[38;2;223;108;72m⢿[38;2;120;85;93m⣿[38;2;126;85;94m⣻[38;2;250;127;84m⣿[38;2;146;120;154m⣷[38;2;147;159;199m⣿[38;2;132;128;174m⣿[38;2;130;108;148m⣿[38;2;213;98;70m⣿[38;2;213;90;60m⣿[38;2;190;92;74m⣿[38;2;91;115;141m⣿[38;2;109;104;118m⣿[38;2;162;66;48m⡟[38;2;123;49;49m⠁[38;2;206;88;57m⣿[38;2;198;84;55m⡿[38;2;205;90;61m⣿[38;2;189;104;78m⢫[38;2;229;139;94m⠟[38;2;219;114;76m⣫[38;2;212;99;66m⣽[38;2;228;110;72m⣿[38;2;229;112;74m⣿[38;2;207;92;60m⣿[38;2;169;66;43m⣯[38;2;134;48;33m⣭[38;2;130;42;26m⣠[38;2;134;44;25m⠤[38;2;126;39;25m⠆[38;2;147;62;57m⣼[38;2;181;70;49m⣧[0m [38;2;140;46;31m⡠[38;2;159;58;42m⢘[38;2;200;78;52m⣿[38;2;206;84;54m⣿[38;2;192;82;56m⣟[38;2;70;72;86m⡱[38;2;75;92;102m⠛[38;2;85;133;154m⠶[38;2;68;78;93m⡋[38;2;144;57;44m⠳[38;2;163;54;34m⣦[38;2;151;51;34m⣤[0m [38;2;152;81;58m⠐[38;2;196;100;69m⢿[38;2;249;126;81m⣿[38;2;254;128;82m⣿[38;2;237;110;72m⣿[38;2;225;100;66m⣿[38;2;196;79;51m⣿[38;2;188;74;48m⣿[38;2;146;49;31m⡏[38;2;130;39;24m⠋[38;2;122;37;20m⠁[0m
         [38;2;38;78;130m⢸[38;2;36;80;138m⣿[38;2;28;68;123m⣷[38;2;34;78;133m⣰[0m     [38;2;181;70;45m⣿[38;2;242;116;75m⣿[38;2;255;146;92m⣿[38;2;255;140;88m⣿[38;2;255;129;84m⣿[38;2;247;118;78m⣿[38;2;240;110;73m⣿[38;2;230;102;67m⣿[38;2;235;105;69m⣿[38;2;226;99;66m⣿[38;2;230;103;68m⣿[38;2;230;103;67m⣿[38;2;236;108;70m⣿[38;2;226;97;64m⣿[38;2;231;102;67m⣿[38;2;240;114;75m⣿[38;2;253;141;93m⣿[38;2;219;108;70m⣿[38;2;181;102;87m⣿[38;2;139;90;93m⡟[38;2;144;70;64m⡳[38;2;150;54;39m⠈[38;2;144;46;32m⠚[38;2;172;80;61m⡿[38;2;109;104;148m⣿[38;2;194;121;114m⣿[38;2;171;97;104m⣿[38;2;86;82;138m⣿[38;2;70;87;152m⣿[38;2;152;98;109m⣿[38;2;223;100;67m⣿[38;2;181;79;64m⣿[38;2;93;105;152m⣿[38;2;129;116;141m⣿[38;2;150;63;49m⠟[38;2;132;37;24m⠰[38;2;176;70;48m⢾[38;2;165;57;38m⣫[38;2;150;45;30m⣥[38;2;74;61;92m⢸[38;2;56;81;134m⠏[38;2;205;93;63m⣼[38;2;219;105;69m⣿[38;2;222;106;70m⣿[38;2;200;90;57m⣿[38;2;182;72;45m⣿[38;2;176;68;43m⣿[38;2;177;70;45m⣿[38;2;172;67;43m⣯[38;2;158;57;34m⣴[38;2;135;43;26m⣦[0m [38;2;152;51;33m⣶[38;2;174;63;40m⣿[38;2;160;56;37m⣾[38;2;163;58;38m⡿[38;2;180;72;49m⢿[38;2;169;66;45m⣿[38;2;199;85;58m⣿[38;2;195;86;61m⣧[38;2;154;88;72m⣀[38;2;127;94;86m⣀[38;2;134;99;91m⣠[38;2;156;117;102m⣤[38;2;151;121;108m⣶[38;2;141;96;91m⣯[38;2;105;66;81m⠁[38;2;33;67;121m⠂[38;2;66;57;67m⠑[0m [38;2;171;75;51m⠈[38;2;182;74;49m⠻[38;2;195;81;54m⢿[38;2;211;91;60m⣿[38;2;174;64;42m⠏[38;2;134;42;25m⠿[0m
         [38;2;37;78;129m⢸[38;2;33;74;132m⣭[38;2;34;74;128m⣓[38;2;38;80;133m⠋[0m    [38;2;130;39;25m⣰[38;2;193;79;52m⠿[38;2;222;103;69m⣿[38;2;244;122;80m⣿[38;2;255;135;87m⣿[38;2;250;124;81m⣿[38;2;225;97;64m⣿[38;2;244;116;76m⣿[38;2;240;111;74m⣿[38;2;226;100;66m⣿[38;2;228;100;67m⣿[38;2;231;103;68m⣿[38;2;237;108;72m⣿[38;2;228;99;66m⣿[38;2;228;97;64m⣿[38;2;252;127;82m⣿[38;2;255;158;103m⣿[38;2;255;152;99m⣿[38;2;243;120;79m⣿[38;2;200;96;63m⣿[38;2;159;66;48m⣯[38;2;189;79;55m⡙[38;2;146;87;92m⢫[38;2;117;81;97m⠏[0m [38;2;195;128;121m⣿[38;2;105;105;145m⣿[38;2;243;130;86m⣿[38;2;243;130;85m⣿[38;2;243;129;85m⣿[38;2;229;111;73m⣿[38;2;205;100;75m⣿[38;2;110;115;154m⣿[38;2;121;111;145m⣿[38;2;214;104;70m⣿[38;2;146;44;27m⣦[38;2;118;38;33m⠘[38;2;171;66;48m⣿[38;2;189;73;48m⣿[38;2;166;56;36m⡿[0m [38;2;141;55;38m⠊[38;2;195;94;63m⣡[38;2;211;97;66m⣿[38;2;231;111;74m⣿[38;2;253;134;87m⣿[38;2;223;108;70m⣿[38;2;190;76;50m⣿[38;2;199;82;52m⣿[38;2;188;74;49m⣿[38;2;163;60;38m⣿[38;2;139;45;27m⣯[38;2;130;38;22m⣆[38;2;146;49;30m⠛[38;2;141;45;27m⠛[38;2;147;50;30m⠛[38;2;117;55;44m⢩[38;2;153;111;103m⣿[38;2;183;138;129m⣿[38;2;182;135;124m⣿[38;2;169;123;110m⣿[38;2;166;124;110m⣿[38;2;144;106;91m⣿[38;2;136;98;85m⣿[38;2;172;129;112m⣿[38;2;133;87;73m⣿[38;2;123;81;69m⡛[38;2;117;81;66m⠇[0m     [38;2;142;45;28m⠛[38;2;154;54;36m⢿[0m
         [38;2;81;82;97m⢨[38;2;128;97;86m⣤[38;2;117;85;75m⣤[38;2;108;70;58m⣤[38;2;105;46;36m⡀[38;2;145;62;48m⢀[38;2;153;58;40m⡆[0m [38;2;163;58;38m⣼[38;2;228;102;68m⣿[38;2;235;114;74m⣿[38;2;228;112;70m⣿[38;2;231;112;73m⣿[38;2;235;108;70m⣿[38;2;224;96;63m⣿[38;2;223;97;64m⣿[38;2;189;70;46m⣿[38;2;196;74;50m⣿[38;2;176;58;40m⣿[38;2;168;52;33m⣿[38;2;193;75;51m⣿[38;2;228;103;67m⣿[38;2;235;112;74m⣿[38;2;255;151;96m⣿[38;2;255;162;103m⣿[38;2;255;153;98m⣿[38;2;255;136;88m⣿[38;2;207;88;60m⣿[38;2;134;51;45m⣦[38;2;75;88;138m⣿[38;2;52;100;166m⣿[38;2;64;61;96m⠄[38;2;187;105;80m⣼[38;2;255;142;93m⣿[38;2;120;104;142m⣿[38;2;124;103;134m⣿[38;2;219;99;66m⣿[38;2;208;91;60m⣿[38;2;212;99;64m⣿[38;2;117;91;115m⡿[38;2;68;91;142m⢿[38;2;234;124;86m⣿[38;2;247;126;82m⣿[38;2;152;49;30m⣿[38;2;151;64;56m⣷[38;2;61;98;162m⣀[38;2;94;75;102m⢫[38;2;46;106;181m⣴[38;2;46;105;180m⣶[38;2;63;78;124m⣌[38;2;214;103;73m⣿[38;2;255;139;91m⣿[38;2;236;120;79m⣿[38;2;204;87;57m⣿[38;2;230;111;72m⣿[38;2;247;121;79m⣿[38;2;234;112;73m⣿[38;2;220;105;69m⡿[38;2;175;67;44m⣷[38;2;148;50;31m⢿[38;2;130;39;22m⣿[38;2;146;49;31m⡄[38;2;78;63;49m⠂[0m [38;2;115;80;73m⣾[38;2;152;112;104m⣿[38;2;174;130;121m⣿[38;2;159;102;90m⣿[38;2;181;111;93m⣿[38;2;171;100;76m⣿[38;2;142;82;67m⣟[38;2;117;80;70m⠛[38;2;130;64;48m⣩[38;2;184;93;62m⣭[38;2;194;90;61m⣵[38;2;243;123;82m⣶[38;2;194;92;67m⣦[38;2;139;68;62m⡀[38;2;108;56;49m⣀[0m
         [38;2;127;109;102m⢰[38;2;174;141;130m⣿[38;2;188;154;141m⣿[38;2;158;121;108m⣿[38;2;153;105;93m⣧[38;2;172;82;61m⣾[38;2;150;50;30m⠇[38;2;142;45;28m⢰[38;2;166;58;38m⣼[38;2;229;104;68m⣿[38;2;252;124;81m⣿[38;2;250;122;80m⣿[38;2;240;112;74m⣿[38;2;225;100;67m⣿[38;2;183;63;42m⣿[38;2;182;62;42m⣿[38;2;199;74;49m⣿[38;2;177;60;39m⣿[38;2;165;51;32m⣿[38;2;166;51;34m⣿[38;2;148;43;30m⣿[38;2;164;54;36m⣿[38;2;225;136;92m⣿[38;2;255;186;120m⣿[38;2;255;164;105m⣿⣿[38;2;255;151;97m⣿[38;2;236;114;79m⣿[38;2;78;106;168m⢿[38;2;44;103;175m⣿[38;2;46;86;147m⡟[0m [38;2;222;122;86m⢹[38;2;240;117;78m⣿[38;2;219;93;63m⣿[38;2;96;97;147m⣿[38;2;182;129;130m⣿[38;2;255;152;98m⣿[38;2;211;112;88m⣿[38;2;44;70;129m⡉[38;2;177;82;67m⣼[38;2;241;115;74m⣿[38;2;211;91;57m⣿[38;2;188;73;45m⣿[38;2;114;60;67m⣙[38;2;62;108;174m⣿[0m [38;2;45;103;177m⢿[38;2;45;105;181m⣿[38;2;43;98;170m⣿[38;2;133;73;75m⠻[38;2;226;100;67m⣿[38;2;226;104;68m⣿[38;2;253;136;90m⣿[38;2;252;132;87m⣿[38;2;232;115;75m⣿[38;2;174;70;44m⣿[38;2;172;64;42m⣿[38;2;148;50;31m⣻[38;2;136;43;26m⣿[38;2;133;38;22m⡏[38;2;134;42;26m⠁[0m  [38;2;140;100;91m⠛[38;2;165;81;67m⣿[38;2;189;74;49m⣾[38;2;226;103;67m⣿[38;2;255;129;82m⣿[38;2;255;135;87m⣿[38;2;253;126;82m⣿[38;2;172;69;45m⣧[38;2;140;45;30m⡘[38;2;222;110;78m⣿[38;2;194;133;116m⣿[38;2;198;176;170m⣿[38;2;96;90;92m⣷[38;2;126;114;102m⠒[38;2;98;54;37m⠊[38;2;153;75;54m⠙[38;2;142;58;45m⣦[0m
         [38;2;157;133;126m⢸[38;2;159;127;118m⣿[38;2;178;145;133m⣿⣿[38;2;175;135;124m⣿[38;2;166;124;115m⠿[38;2;144;91;79m⣷[38;2;150;55;37m⡻[38;2;193;76;49m⣿[38;2;208;88;57m⣿[38;2;224;100;66m⣿[38;2;243;117;75m⣿[38;2;237;110;73m⣿[38;2;198;76;48m⣿[38;2;204;81;52m⣿[38;2;228;99;66m⣿[38;2;232;105;68m⣿[38;2;242;112;74m⣿[38;2;208;86;57m⣿[38;2;153;49;31m⣝[38;2;160;63;42m⢫[38;2;247;151;98m⣿[38;2;255;186;118m⣿[38;2;255;184;117m⣿[38;2;255;166;105m⣿[38;2;255;164;104m⣿[38;2;255;158;100m⣿[38;2;218;105;73m⣿[38;2;49;87;152m⠛[38;2;43;81;144m⠛[0m  [38;2;184;90;62m⠈[38;2;199;84;55m⣻[38;2;228;98;67m⣿[38;2;205;128;118m⣿[38;2;73;118;192m⣿[38;2;225;118;88m⣿[38;2;93;115;169m⣿[38;2;84;90;136m⣻[38;2;235;112;78m⣿[38;2;237;110;73m⣿[38;2;169;57;36m⣿[38;2;168;58;38m⣿[38;2;158;52;33m⡟[38;2;68;75;122m⠻[38;2;27;66;127m⠄[38;2;34;81;147m⢸[38;2;45;97;168m⠏[38;2;93;68;81m⢀[38;2;202;122;88m⣴[38;2;255;138;91m⣿[38;2;255;152;99m⣿[38;2;255;138;87m⣿[38;2;234;112;73m⣿[38;2;222;100;67m⣿[38;2;196;81;52m⣿[38;2;166;60;38m⣯[38;2;165;61;38m⣿[38;2;147;49;30m⣿[38;2;134;38;24m⣷[0m [38;2;124;37;25m⢠[38;2;130;39;25m⢼[38;2;172;62;40m⣿[38;2;217;94;62m⣿[38;2;247;121;80m⣿[38;2;253;129;82m⣿[38;2;248;120;78m⣿[38;2;248;121;79m⣿[38;2;255;130;85m⣿[38;2;186;80;52m⡟[38;2;124;56;44m⡍[38;2;141;100;90m⠱[38;2;136;121;122m⠏[38;2;117;114;118m⠛[38;2;138;135;135m⠁[0m [38;2;69;67;63m⠄[0m [38;2;57;67;110m⠈[38;2;98;69;44m⡀[0m
         [38;2;127;106;102m⣾[38;2;133;109;103m⡿[38;2;147;121;112m⡿[38;2;178;144;136m⠿[38;2;116;74;64m⡏[38;2;84;68;64m⠃[38;2;118;86;75m⠙[38;2;135;78;67m⠃[38;2;148;55;38m⠨[38;2;194;85;58m⣿[38;2;230;112;78m⣿[38;2;226;109;73m⣿[38;2;220;100;68m⣿[38;2;213;96;64m⣿[38;2;213;94;63m⣿[38;2;213;94;62m⣿[38;2;196;84;56m⣿[38;2;170;67;49m⣿[38;2;156;56;43m⡿[38;2;145;45;31m⠏[38;2;211;112;75m⡿[38;2;189;117;88m⢋[38;2;166;103;86m⣛[38;2;151;104;93m⣿[38;2;219;122;81m⠿[38;2;226;116;76m⣿[38;2;236;117;76m⣿[38;2;201;84;55m⣿[38;2;152;52;33m⣇[0m    [38;2;199;96;66m⠻[38;2;255;138;90m⣿[38;2;246;122;80m⣿[38;2;104;115;164m⣿[38;2;75;109;170m⣿[38;2;73;105;164m⣬[38;2;206;102;79m⣿[38;2;232;104;69m⣿[38;2;207;85;57m⣿[38;2;170;60;39m⣿[38;2;172;62;40m⣿[38;2;163;58;39m⣿[38;2;132;50;38m⡆[0m  [38;2;186;105;75m⢀[38;2;248;142;98m⣾[38;2;255;144;93m⣿[38;2;255;141;92m⣿[38;2;246;128;84m⣿[38;2;222;103;67m⣿[38;2;214;97;62m⣿[38;2;226;109;70m⣿[38;2;166;61;38m⣛[38;2;151;51;32m⡻[38;2;147;49;30m⢿[38;2;144;46;28m⡿[38;2;134;39;22m⠣[0m [38;2;139;43;26m⢠[38;2;181;68;44m⣿[38;2;234;109;70m⣿[38;2;255;132;84m⣿[38;2;255;144;92m⣿[38;2;250;126;81m⣿[38;2;241;112;73m⣿[38;2;230;105;69m⣿[38;2;224;104;67m⣿[38;2;171;63;43m⡄[38;2;126;38;25m⣀[0m        [38;2;84;66;50m⠃[0m
       [38;2;63;68;73m⢠[38;2;74;76;81m⠜[38;2;114;87;82m⠋[38;2;104;76;69m⠳[0m  [38;2;97;52;44m⠑[0m [38;2;78;73;74m⢶[38;2;120;115;118m⣤[38;2;117;102;103m⡀[0m  [38;2;129;39;25m⠉[38;2;103;62;69m⢹[38;2;103;74;84m⣟[38;2;97;81;97m⣿[38;2;87;81;102m⣿[38;2;82;69;87m⣿[38;2;69;63;87m⠽[38;2;60;61;90m⠃[38;2;108;49;42m⠘[38;2;100;67;69m⠃[38;2;45;85;139m⣠[38;2;45;97;158m⣤[38;2;44;87;146m⣦[38;2;31;68;117m⡀[38;2;130;68;49m⠈[38;2;166;67;44m⠛[38;2;170;60;39m⢿[38;2;147;42;26m⣿[38;2;135;36;26m⡄[0m  [38;2;154;78;66m⠸[38;2;193;94;78m⣿[38;2;202;92;70m⣿[38;2;225;105;68m⡿[38;2;145;118;145m⠛[38;2;82;122;183m⠛[38;2;172;90;80m⠻[38;2;248;123;81m⣿[38;2;231;103;67m⣿[38;2;216;92;61m⣿[38;2;228;103;68m⣿[38;2;176;75;52m⠏[38;2;56;100;135m⣴[38;2;105;123;127m⠷[38;2;69;111;141m⠆[38;2;224;124;87m⣰[38;2;249;142;93m⣿[38;2;255;158;102m⣿[38;2;255;144;92m⣿[38;2;249;129;84m⣿[38;2;241;121;78m⣿[38;2;240;118;78m⣿[38;2;190;76;49m⣿[38;2;219;98;66m⣿[38;2;134;40;24m⠿[38;2;136;43;25m⠿[38;2;128;39;22m⠦[38;2;126;37;22m⡁[0m  [38;2;178;69;49m⢸[38;2;235;106;72m⣿[38;2;254;128;84m⣿[38;2;255;138;88m⣿[38;2;255;136;88m⣿[38;2;218;94;62m⣿[38;2;194;79;50m⣿[38;2;187;72;45m⣿[38;2;165;60;36m⣿[38;2;186;72;45m⣿[38;2;182;68;45m⣿[38;2;166;60;40m⡆[0m
      [38;2;97;109;114m⣰[38;2;64;69;75m⠁[0m        [38;2;81;82;88m⠉[38;2;108;104;108m⢻[38;2;109;102;103m⣆[38;2;126;43;32m⠐[38;2;166;62;40m⣴[38;2;133;51;45m⢿[38;2;144;60;49m⣭[38;2;169;68;49m⣽[38;2;189;75;50m⣶[38;2;164;55;37m⣶[38;2;156;50;32m⡛[0m   [38;2;103;110;136m⣫[38;2;165;154;162m⣭[38;2;164;148;156m⣭[38;2;75;81;110m⡑[0m  [38;2;145;43;30m⠽[38;2;141;38;25m⠉[0m  [38;2;135;61;45m⢀[38;2;176;90;74m⣙[38;2;163;55;40m⣞[38;2;148;46;34m⢹[38;2;237;109;74m⣷[38;2;232;127;85m⣦[38;2;171;70;48m⣆[38;2;145;43;27m⣸[38;2;186;73;48m⣽[38;2;218;93;62m⣿[38;2;206;82;54m⣿[38;2;213;90;61m⣿[38;2;102;63;60m⡈[38;2;94;81;81m⠁[0m [38;2;140;92;69m⣰[38;2;243;140;92m⣿[38;2;236;122;78m⣿[38;2;224;106;69m⣿[38;2;255;140;90m⣿[38;2;255;148;94m⣿[38;2;216;105;67m⡿[38;2;152;52;32m⢩[38;2;158;55;34m⣿[38;2;186;76;50m⠟[0m    [38;2;124;37;25m⠁[0m [38;2;175;64;43m⣿[38;2;247;118;78m⣿[38;2;255;133;85m⣿[38;2;255;129;85m⣿[38;2;224;100;64m⣿[38;2;175;67;42m⣿[38;2;158;55;33m⣿[38;2;182;69;44m⣿[38;2;195;79;51m⣿[38;2;186;75;49m⡿[38;2;181;69;44m⢿[38;2;160;58;37m⣿[38;2;120;39;28m⠂[0m
     [38;2;114;127;134m⣼[38;2;139;148;153m⠋[0m          [38;2;114;46;32m⠆[38;2;78;72;75m⠙[38;2;84;69;69m⡇[38;2;160;64;44m⢹[38;2;194;86;60m⣿[38;2;202;85;60m⢿[38;2;190;73;50m⣿[38;2;165;58;39m⣶[38;2;171;62;42m⣿[38;2;148;49;32m⣿[0m  [38;2;199;162;146m⣼[38;2;255;218;193m⣿[38;2;255;222;195m⣿[38;2;229;181;156m⣿[38;2;193;141;123m⣷[38;2;144;80;67m⣄[38;2;174;64;45m⣴[38;2;148;46;31m⡆[38;2;117;50;39m⣀[38;2;64;68;115m⢠[38;2;166;124;130m⣶[38;2;255;157;110m⣾[38;2;248;130;85m⣿[38;2;228;112;75m⣿[38;2;248;144;94m⣿[38;2;255;142;92m⣿[38;2;240;127;82m⣿[38;2;213;103;67m⣿[38;2;204;91;61m⣿[38;2;212;96;63m⣿[38;2;238;122;79m⣿[38;2;242;124;81m⣿[38;2;242;120;79m⣿[38;2;228;112;76m⣿[38;2;181;103;92m⣦[38;2;84;74;94m⠺[38;2;154;165;186m⣿[38;2;108;106;116m⣟[38;2;159;91;66m⢟[38;2;196;85;56m⢿[38;2;181;69;45m⣿[38;2;148;50;31m⠯[0m [38;2;124;37;20m⠸[38;2;141;46;28m⠋[0m       [38;2;178;67;44m⣿[38;2;222;98;64m⣿[38;2;222;97;64m⣿[38;2;193;79;50m⣿[38;2;158;56;34m⠟[38;2;128;38;22m⠁[38;2;135;44;25m⢹[38;2;159;56;36m⡿[38;2;150;63;43m⠛[38;2;116;106;102m⠆[0m [38;2;163;62;40m⠉[0m
  [38;2;133;133;130m⣠[38;2;116;120;120m⣾[38;2;132;142;142m⡿[38;2;112;123;128m⠃[0m           [38;2;127;50;38m⠘[0m [38;2;87;86;92m⣀[0m [38;2;164;63;44m⢩[38;2;163;66;48m⢳[38;2;136;48;36m⡍[38;2;164;62;43m⣿[38;2;188;76;49m⣟[38;2;175;80;54m⣯[38;2;231;130;87m⣤[38;2;234;184;165m⣼[38;2;254;212;187m⣿[38;2;255;217;193m⣿[38;2;255;222;201m⣿[38;2;228;181;160m⣿[38;2;174;124;106m⣿[38;2;175;124;108m⣿[38;2;217;124;94m⣿[38;2;242;126;80m⣿[38;2;255;159;102m⣿[38;2;255;170;121m⣿[38;2;189;153;157m⣿[38;2;97;122;186m⣿[38;2;152;135;163m⣿[38;2;218;132;111m⣷[38;2;205;88;58m⣿[38;2;196;86;56m⡛[38;2;171;69;48m⠛[38;2;168;69;46m⠛[38;2;196;85;56m⠛[38;2;240;124;81m⠛[38;2;170;66;43m⡛[38;2;159;80;73m⢋[38;2;102;85;111m⣽[38;2;70;92;139m⣿[38;2;45;94;154m⣿[38;2;44;90;146m⠿[38;2;48;88;144m⠂[38;2;100;104;120m⠹[38;2;98;105;124m⠇[38;2;88;68;61m⠁[38;2;134;48;32m⠙[38;2;133;39;25m⠢[0m          [38;2;134;43;26m⠙[38;2;170;66;43m⠋[38;2;152;52;33m⠛[38;2;156;60;39m⠇[0m
 [38;2;114;117;117m⣮[38;2;134;140;140m⡸[38;2;159;163;160m⣿[38;2;114;115;112m⡁[0m             [38;2;144;133;133m⣴[38;2;115;111;116m⡟[0m [38;2;148;51;32m⢁[38;2;187;73;50m⣾[38;2;175;67;44m⣧[38;2;181;88;61m⠾[38;2;210;105;72m⣿[38;2;254;136;90m⣿[38;2;253;157;117m⣿[38;2;225;188;170m⣿[38;2;206;168;150m⣿[38;2;201;160;145m⣿[38;2;168;128;114m⣿[38;2;174;133;116m⣿[38;2;136;75;63m⣏[38;2;172;132;118m⢹[38;2;190;135;120m⣿[38;2;206;88;57m⣿[38;2;240;117;75m⣿[38;2;244;122;79m⣿[38;2;248;129;85m⣿[38;2;237;121;81m⣿[38;2;174;104;104m⣿[38;2;51;104;193m⠛[38;2;204;116;102m⢻[38;2;193;75;50m⣿[38;2;181;72;49m⣷[0m  [38;2;188;93;70m⢰[38;2;145;102;104m⣿[38;2;45;82;136m⣿[38;2;44;86;141m⣉[38;2;104;108;136m⣉[38;2;177;124;110m⣁[38;2;250;142;100m⣀[38;2;159;109;111m⣀[0m         [38;2;132;40;24m⢀[0m
  [38;2;134;140;142m⠉[38;2;56;61;64m⠁[38;2;139;142;136m⠛[38;2;141;142;136m⠷[38;2;121;123;116m⣦[38;2;134;133;127m⣄[38;2;110;105;99m⣀[0m [38;2;128;128;115m⠸[38;2;135;138;123m⣷[38;2;157;160;145m⣶[38;2;172;176;165m⣬[38;2;114;115;109m⣍[0m  [38;2;118;114;116m⣰[38;2;141;132;127m⣿[38;2;117;91;86m⣄[0m [38;2;171;63;42m⣾[38;2;156;54;34m⣿[38;2;200;97;64m⣫[38;2;241;136;88m⣾[38;2;255;148;96m⣿[38;2;255;148;94m⣿[38;2;231;168;142m⣿[38;2;190;146;130m⣿[38;2;160;120;105m⡟[38;2;172;127;114m⢿[38;2;163;122;110m⣿[38;2;150;112;102m⠿[38;2;127;70;56m⠿[38;2;128;58;46m⡜[38;2;171;126;112m⢿[38;2;146;51;34m⣽[38;2;183;70;46m⣿[38;2;184;72;46m⣿[38;2;186;69;46m⣿[38;2;213;90;58m⣿[38;2;220;94;62m⣿[38;2;156;76;74m⣇[38;2;82;72;106m⢛[38;2;206;94;70m⣿[38;2;207;97;68m⣿[38;2;207;150;129m⣦[38;2;235;192;169m⣶[38;2;242;199;175m⣿[38;2;247;194;166m⣿[38;2;248;152;112m⣷[38;2;236;122;85m⣿[38;2;247;123;80m⣿[38;2;250;126;81m⣿[38;2;255;133;86m⣿[38;2;250;123;81m⣿[38;2;229;108;72m⣿[38;2;204;90;58m⣷[38;2;172;62;40m⣶[38;2;169;63;40m⣦[38;2;156;50;33m⡀[0m
       [38;2;81;84;78m⠉[38;2;129;132;122m⠉[38;2;117;114;108m⠛[38;2;122;112;105m⠛[38;2;109;100;96m⠿[38;2;151;144;140m⢿[38;2;152;142;139m⣿[38;2;144;130;128m⣿[38;2;138;124;122m⠿[38;2;110;102;106m⠐[38;2;112;108;103m⢿[38;2;114;105;98m⡿[38;2;151;129;127m⠁[0m [38;2;198;90;58m⣿[38;2;253;139;90m⣿[38;2;255;152;97m⣿[38;2;255;140;88m⣿[38;2;255;136;87m⣿[38;2;255;132;85m⣿[38;2;223;126;97m⣿[38;2;183;120;104m⣿[38;2;133;90;81m⡇[38;2;147;55;38m⣌[38;2;116;69;60m⣿[38;2;105;62;52m⡆[38;2;94;51;36m⠈[38;2;136;42;25m⠸[38;2;150;50;34m⠳[38;2;136;38;25m⠺[38;2;156;51;33m⣿[38;2;175;69;51m⣿[38;2;192;106;92m⣿[38;2;160;52;34m⢯[38;2;160;55;36m⡝[38;2;160;58;43m⢿[38;2;127;55;52m⣴[38;2;175;128;124m⣿[38;2;242;200;183m⣿[38;2;241;200;181m⣿[38;2;240;194;174m⣿[38;2;231;154;124m⣿[38;2;255;140;92m⣿[38;2;253;128;84m⣿[38;2;255;133;87m⣿[38;2;255;136;90m⣿[38;2;255;136;88m⣿[38;2;253;130;85m⣿[38;2;255;132;86m⣿[38;2;243;117;78m⣿[38;2;252;129;84m⣿[38;2;226;112;74m⣿[38;2;148;67;38m⡉[38;2;148;51;33m⠹[38;2;124;38;24m⠂[38;2;126;38;22m⡀[0m
             [38;2;130;115;111m⠉[38;2;121;98;97m⠉[38;2;84;67;66m⠛[0m  [38;2;79;64;58m⠜[0m [38;2;236;122;81m⣾[38;2;255;130;85m⣿[38;2;248;122;78m⣿[38;2;255;133;86m⣿[38;2;255;138;88m⣿[38;2;255;139;90m⣿[38;2;255;135;87m⣿[38;2;254;129;84m⣿[38;2;247;130;91m⣿[38;2;183;86;61m⣿[38;2;228;106;70m⣿[38;2;182;68;45m⣷[38;2;144;46;31m⣄[38;2;132;39;25m⡑[38;2;127;39;25m⢠[38;2;138;43;27m⠾[38;2;164;56;36m⣿[38;2;189;74;49m⡿[38;2;174;67;48m⣿[38;2;152;78;66m⠋[38;2;140;40;27m⠛[38;2;142;44;28m⠍[38;2;128;36;26m⠂[38;2;145;91;81m⢸[38;2;151;109;98m⣿[38;2;134;94;84m⣿[38;2;166;124;112m⣿[38;2;180;118;103m⣿[38;2;241;139;102m⣿[38;2;255;156;99m⣿[38;2;255;153;97m⣿⣿[38;2;255;150;96m⣿[38;2;255;134;86m⣿[38;2;244;121;78m⣿[38;2;226;103;68m⣿[38;2;198;81;52m⣿[38;2;213;97;64m⡿[38;2;154;62;38m⢋[38;2;126;68;31m⡋[0m  [38;2;135;42;26m⢸[38;2;146;48;30m⣾[38;2;142;46;28m⠇[0m
                    [38;2;219;102;67m⣿[38;2;240;115;75m⣿[38;2;250;127;81m⣿[38;2;249;124;80m⣿[38;2;247;122;78m⣿[38;2;246;120;79m⣿[38;2;244;120;78m⣿[38;2;212;99;62m⡟[38;2;213;98;63m⠉[38;2;178;70;45m⢙[38;2;170;63;40m⣿[38;2;134;38;22m⣵[38;2;176;64;43m⣿[38;2;142;46;28m⠃[0m [38;2;140;44;28m⣱[38;2;184;72;48m⠟[38;2;152;49;31m⠋[38;2;157;57;42m⠁[0m     [38;2;122;86;76m⠛[38;2;129;93;81m⠿[38;2;146;103;92m⠿[38;2;193;93;68m⠿[38;2;184;104;88m⣿[38;2;255;142;91m⣿[38;2;255;141;91m⣿[38;2;255;141;90m⣿[38;2;250;126;81m⣿[38;2;236;110;72m⣿[38;2;213;92;61m⣿[38;2;189;75;48m⣿[38;2;169;63;39m⣿[38;2;130;39;21m⢡[38;2;196;79;52m⣿[38;2;181;73;46m⣧[0m  [38;2;136;43;28m⠈[38;2;147;50;31m⠁[0m
                    [38;2;165;62;39m⣿[38;2;230;109;72m⣿[38;2;229;110;72m⡿[38;2;190;80;50m⠟[38;2;202;88;58m⠛[38;2;171;64;43m⠿[38;2;160;58;38m⠋[0m  [38;2;160;58;37m⠈[38;2;145;50;32m⠁[38;2;135;40;28m⠈[38;2;146;49;30m⠛[0m              [38;2;202;99;75m⣼[38;2;214;92;61m⣿[38;2;244;120;78m⣿[38;2;255;130;85m⣿[38;2;244;117;76m⣿[38;2;236;109;73m⣿[38;2;198;81;51m⣿[38;2;154;54;33m⣿[38;2;165;58;38m⣿[38;2;159;56;36m⡏[38;2;180;69;45m⣿[38;2;184;70;44m⣿[38;2;198;80;52m⣿[38;2;157;56;34m⣇[0m  [38;2;127;38;26m⠠[38;2;135;43;27m⠤[0m
                    [38;2;184;73;48m⣿[38;2;157;55;34m⣇[0m             [38;2;158;55;36m⢀[38;2;164;60;42m⡤[38;2;169;69;54m⠈[0m  [38;2;158;57;40m⢠[38;2;148;55;37m⠟[38;2;116;45;36m⠁[0m   [38;2;189;128;111m⣾[38;2;195;80;50m⣿⣿[38;2;236;110;73m⣿[38;2;219;97;63m⣿[38;2;224;99;64m⣿[38;2;187;76;48m⡏[38;2;159;56;36m⢻[38;2;151;51;31m⣿[38;2;151;52;31m⢹[38;2;150;52;33m⡇[38;2;156;62;43m⠉[38;2;151;57;40m⢹[38;2;152;52;33m⣿[38;2;163;61;39m⠟[0m
                 [38;2;136;52;38m⢠[38;2;133;54;37m⣄[38;2;181;92;66m⠺[38;2;240;118;80m⢿[38;2;220;97;66m⣿[38;2;194;75;50m⣦[38;2;166;62;39m⣥[38;2;136;44;27m⣄[0m          [38;2;146;49;32m⢯[38;2;169;62;42m⡴[38;2;156;52;34m⠶[38;2;134;44;31m⢀[38;2;138;43;28m⣠[38;2;133;49;34m⠎[0m    [38;2;76;78;79m⠸[38;2;192;108;87m⢿[38;2;151;51;31m⢿[38;2;199;85;56m⣿[38;2;170;64;42m⠏[38;2;156;58;37m⠙[38;2;160;62;39m⠉[0m [38;2;150;52;34m⢘[38;2;141;48;30m⡟[38;2;129;42;22m⠉[0m
                 [38;2;150;64;49m⠚[38;2;151;56;38m⠁[38;2;106;57;46m⠈[0m [38;2;123;63;48m⠚[38;2;200;98;69m⠝[38;2;202;86;58m⠿[38;2;172;69;45m⠁[0m        [38;2;151;50;30m⢀[38;2;153;50;33m⣸[38;2;148;48;31m⡿[38;2;133;43;30m⠰[38;2;156;57;39m⠦[38;2;176;66;44m⣤[38;2;160;57;39m⣿[38;2;134;43;28m⣤[0m     [38;2;128;42;30m⢘[38;2;132;40;24m⣸[38;2;139;44;25m⠃[0m  [38;2;123;38;22m⠃[0m [38;2;128;42;25m⠈[0m
                                 [38;2;139;43;27m⠺[38;2;156;51;34m⣿[38;2;164;55;38m⣿[38;2;158;54;37m⣿[38;2;150;50;36m⣷[38;2;164;58;40m⠿[38;2;188;75;50m⡿[38;2;163;66;45m⠃[0m     [38;2;127;45;32m⠈[38;2;158;54;37m⣥[38;2;164;52;34m⣤[38;2;148;43;28m⣴[38;2;140;37;25m⣤[38;2;130;33;20m⡀[0m