                                                                     [38;2;3;114;171m⣠[38;2;8;145;217m⣴[38;2;14;164;241m⣶[38;2;22;158;224m⣿[38;2;34;181;248m⣿[38;2;46;216;255m⣶[38;2;39;187;252m⣶[38;2;38;181;243m⣤[38;2;31;141;193m⣀[0m
                                                                   [38;2;0;142;217m⣠[38;2;0;141;216m⣾[38;2;0;147;226m⣿[38;2;0;146;225m⣿[38;2;0;144;224m⣿[38;2;0;141;223m⣿[38;2;0;139;222m⣿[38;2;21;172;253m⣿[38;2;46;216;255m⣿[38;2;45;214;255m⣿[38;2;46;217;255m⣿[38;2;43;200;255m⣿[38;2;42;198;255m⣶[38;2;40;192;255m⣤[38;2;36;168;228m⣀[0m
                                                                 [38;2;0;154;234m⣠[38;2;0;150;226m⣾⣿[38;2;0;148;226m⣿[38;2;0;146;225m⣿[38;2;0;145;224m⣿[38;2;0;142;223m⣿[38;2;0;141;222m⣿[38;2;0;138;220m⣿[38;2;1;136;220m⣿[38;2;44;212;255m⣿[38;2;45;214;255m⣿⣿⣿⣿[38;2;44;214;255m⣿[38;2;45;216;255m⣿[38;2;43;206;255m⣿[38;2;43;204;255m⣶[38;2;42;201;255m⣤[38;2;39;188;255m⣀[0m
                                                              [38;2;0;120;182m⢀[38;2;0;134;204m⣴[38;2;0;142;217m⣿[38;2;0;148;225m⣿[38;2;0;148;226m⣿⣿[38;2;0;147;225m⣿[38;2;0;146;224m⣿[38;2;0;145;224m⣿[38;2;0;142;223m⣿[38;2;0;139;220m⣿[38;2;0;136;219m⣿[38;2;1;134;219m⣿[38;2;44;212;255m⣿[38;2;45;214;255m⣿⣿⣿⣿⣿⣿⣿⣿[38;2;44;213;255m⣿[38;2;45;214;255m⣿[38;2;44;210;255m⣿⣶[38;2;44;208;255m⣤[38;2;34;164;223m⣄[38;2;19;90;123m⡀[0m
                                                            [38;2;0;150;226m⢀[38;2;0;146;222m⣴[38;2;0;147;224m⣿[38;2;0;147;225m⣿[38;2;0;148;225m⣿⣿⣿⣿[38;2;0;147;225m⣿[38;2;0;146;225m⣿[38;2;0;145;224m⣿[38;2;0;141;222m⣿[38;2;0;139;220m⣿[38;2;0;135;218m⣿[38;2;1;134;218m⣿[38;2;44;211;255m⣿[38;2;45;213;255m⣿⣿⣿⣿⣿⣿⣿⣿⣿⣿⣿⣿⣿⣿[38;2;44;212;255m⣿[38;2;42;195;255m⣷[38;2;40;190;255m⣦[38;2;38;181;246m⣄[38;2;26;122;168m⡀[0m
                                                          [38;2;0;110;169m⣠[38;2;0;150;230m⣴[38;2;0;147;225m⣿[38;2;0;147;224m⣿[38;2;0;147;225m⣿⣿⣿⣿⣿⣿[38;2;0;147;224m⣿[38;2;0;145;224m⣿[38;2;0;144;223m⣿[38;2;0;141;222m⣿[38;2;0;139;219m⣿[38;2;0;135;218m⣿[38;2;1;133;218m⣿[38;2;44;211;255m⣿[38;2;45;213;255m⣿⣿⣿⣿⣿⣿⣿⣿⣿⣿⣿⣿⣿⣿⣿⣿[38;2;45;212;255m⣿⣿[38;2;45;213;255m⣿[38;2;43;201;255m⣷[38;2;42;199;255m⣦[38;2;34;165;225m⣄[0m
                                                        [38;2;0;136;208m⣠[38;2;0;138;211m⣾[38;2;0;147;225m⣿⣿⣿⣿⣿⣿⣿⣿⣿⣿[38;2;0;146;224m⣿[38;2;0;145;224m⣿[38;2;0;142;223m⣿[38;2;0;140;222m⣿[38;2;0;138;219m⣿[38;2;0;134;217m⣿[38;2;1;133;218m⣿[38;2;44;210;255m⣿[38;2;45;212;255m⣿⣿⣿⣿⣿⣿⣿⣿⣿⣿⣿⣿⣿⣿⣿⣿⣿⣿⣿⣿⣿[38;2;45;213;255m⣿[38;2;42;198;255m⣷[38;2;34;163;228m⡀[0m
                                                      [38;2;0;150;229m⣠[38;2;0;145;223m⣾[38;2;0;146;224m⣿⣿⣿⣿⣿⣿⣿⣿⣿⣿⣿⣿[38;2;0;146;223m⣿[38;2;0;145;223m⣿[38;2;0;142;223m⣿[38;2;0;140;220m⣿[38;2;0;138;219m⣿[38;2;0;134;217m⣿[38;2;1;132;217m⣿[38;2;44;210;255m⣿[38;2;45;212;255m⣿⣿⣿⣿⣿⣿⣿⣿⣿⣿⣿⣿⣿⣿⣿⣿⣿⣿⣿⣿⣿⣿[38;2;45;211;255m⣿[38;2;40;194;255m⣷[0m
                                                   [38;2;0;109;168m⢀[38;2;0;128;196m⣴[38;2;0;148;228m⣾[38;2;0;145;223m⣿[38;2;0;146;224m⣿⣿⣿⣿⣿⣿⣿⣿⣿⣿⣿⣿⣿[38;2;0;145;223m⣿[38;2;0;144;223m⣿[38;2;0;141;222m⣿[38;2;0;139;220m⣿[38;2;0;136;218m⣿[38;2;0;133;217m⣿[38;2;1;132;217m⣿[38;2;43;208;255m⣿[38;2;44;211;255m⣿⣿⣿⣿⣿⣿⣿⣿⣿⣿⣿⣿⣿⣿⣿⣿⣿⣿⣿⣿⣿⣿⣿[38;2;43;210;255m⣿[0m
                                                 [38;2;0;141;217m⢀[38;2;0;140;217m⣴[38;2;0;142;220m⣿[38;2;0;145;223m⣿⣿⣿⣿⣿⣿⣿⣿⣿⣿⣿⣿⣿⣿⣿⣿[38;2;0;144;223m⣿[38;2;0;142;222m⣿[38;2;0;141;222m⣿[38;2;0;139;219m⣿[38;2;0;135;218m⣿[38;2;0;133;216m⣿[38;2;1;130;216m⣿[38;2;43;208;255m⣿[38;2;44;211;255m⣿⣿⣿⣿⣿⣿⣿⣿⣿⣿⣿⣿⣿⣿⣿⣿⣿⣿⣿⣿⣿⣿⣿[38;2;43;210;255m⣿[0m
                                               [38;2;0;118;182m⣀[38;2;0;147;226m⣴[38;2;0;145;223m⣿[38;2;0;144;222m⣿[38;2;0;145;223m⣿⣿⣿⣿⣿⣿⣿⣿⣿⣿⣿⣿⣿⣿⣿⣿⣿[38;2;0;144;222m⣿[38;2;0;142;222m⣿[38;2;0;140;220m⣿[38;2;0;138;219m⣿[38;2;0;136;217m⣿[38;2;0;132;216m⣿[38;2;1;130;216m⣿[38;2;43;207;255m⣿[38;2;44;210;255m⣿⣿⣿⣿⣿⣿⣿⣿⣿⣿⣿⣿⣿⣿⣿⣿⣿⣿⣿⣿⣿⣿⣿[38;2;43;208;255m⣿[0m
                                             [38;2;0;129;199m⣠[38;2;0;133;205m⣾[38;2;0;144;223m⣿[38;2;0;144;222m⣿⣿⣿⣿⣿⣿⣿⣿⣿⣿⣿⣿⣿⣿⣿⣿⣿⣿⣿⣿[38;2;0;142;222m⣿[38;2;0;141;222m⣿[38;2;0;140;220m⣿[38;2;0;138;218m⣿[38;2;0;135;217m⣿[38;2;0;132;214m⣿[38;2;1;129;214m⣿[38;2;43;207;255m⣿[38;2;44;210;255m⣿⣿⣿⣿⣿⣿⣿⣿⣿⣿⣿⣿⣿⣿⣿⣿⣿⣿⣿⣿⣿⣿⣿[38;2;43;208;255m⣿[0m
      [38;2;0;180;255m⢀[38;2;0;165;243m⣴[38;2;0;162;238m⣾[38;2;0;160;236m⣿[38;2;0;165;244m⣷[38;2;0;159;235m⣶[38;2;0;160;236m⣄[0m                              [38;2;0;145;224m⣠[38;2;0;141;218m⣾[38;2;0;144;222m⣿⣿⣿⣿⣿⣿⣿⣿⣿⣿⣿⣿⣿⣿⣿⣿⣿⣿⣿⣿⣿⣿⣿[38;2;0;142;220m⣿[38;2;0;141;220m⣿[38;2;0;140;219m⣿[38;2;0;136;218m⣿[38;2;0;135;216m⣿[38;2;0;130;214m⣿[38;2;1;129;214m⣿[38;2;43;206;255m⣿[38;2;44;208;255m⣿⣿⣿⣿⣿⣿⣿⣿⣿⣿⣿⣿⣿⣿⣿⣿⣿⣿⣿⣿⣿⣿⣿[38;2;43;207;255m⣿[0m
    [38;2;0;139;206m⣠[38;2;0;151;224m⣾[38;2;0;172;255m⣿[38;2;0;171;254m⣿[38;2;0;172;255m⣿⣿⣿⣿[38;2;0;172;254m⣿[38;2;0;164;243m⣿[38;2;0;163;242m⣦[38;2;0;132;195m⣀[0m                        [38;2;0;98;152m⢀[38;2;0;133;207m⣤[38;2;0;144;224m⣾[38;2;0;142;220m⣿⣿⣿⣿⣿⣿⣿⣿⣿⣿⣿⣿⣿⣿⣿⣿⣿⣿⣿⣿⣿⣿⣿⣿⣿[38;2;0;141;220m⣿[38;2;0;140;220m⣿[38;2;0;139;219m⣿[38;2;0;136;217m⣿[38;2;0;134;216m⣿[38;2;0;132;214m⣿[38;2;0;122;202m⡿[38;2;43;204;255m⣿[38;2;44;207;255m⣿[38;2;44;208;255m⣿⣿⣿⣿⣿⣿⣿⣿⣿⣿⣿⣿⣿⣿⣿⣿⣿⣿⣿⣿⣿⣿[38;2;43;207;255m⣿[0m
  [38;2;0;166;247m⣠[38;2;0;165;244m⣾[38;2;0;172;255m⣿[38;2;0;171;255m⣿⣿⣿⣿⣿⣿⣿⣿⣿[38;2;0;171;254m⣿[38;2;0;172;255m⣿[38;2;0;164;243m⣷[38;2;0;152;226m⣤[38;2;0;118;176m⡀[0m                   [38;2;0;133;206m⢀[38;2;0;136;211m⣴[38;2;0;140;216m⣿[38;2;0;141;219m⣿[38;2;0;142;220m⣿⣿⣿⣿⣿⣿⣿⣿⣿⣿⣿⣿⣿⣿⣿⣿⣿⣿⣿⣿⣿⣿⣿⣿⣿⣿[38;2;0;141;219m⣿[38;2;0;140;219m⣿[38;2;0;139;218m⣿[38;2;0;138;219m⡿[38;2;0;127;204m⠟[38;2;0;136;222m⠁[0m [38;2;42;201;255m⣿[38;2;43;206;255m⣿[38;2;43;207;255m⣿⣿⣿⣿⣿⣿⣿⣿⣿⣿⣿⣿⣿⣿⣿⣿⣿⣿⣿⣿⣿⣿[38;2;43;206;255m⣿[0m
[38;2;0;160;241m⢠[38;2;0;172;255m⣾[38;2;0;171;254m⣿[38;2;0;171;255m⣿⣿⣿⣿⣿⣿⣿⣿⣿⣿⣿⣿⣿⣿[38;2;0;170;254m⣿[38;2;0;170;253m⣿[38;2;0;172;255m⣦[38;2;0;147;220m⣄[0m               [38;2;0;150;235m⢀[38;2;0;142;223m⣴[38;2;0;141;220m⣿[38;2;0;141;219m⣿[38;2;0;141;220m⣿⣿⣿⣿⣿⣿⣿⣿⣿⣿⣿⣿⣿⣿⣿⣿⣿⣿⣿⣿⣿⣿⣿⣿⣿⣿⣿[38;2;0;141;219m⣿[38;2;0;140;219m⣿[38;2;0;142;223m⠟[38;2;0;127;201m⠋[0m    [38;2;42;200;255m⣿[38;2;43;206;255m⣿[38;2;43;207;255m⣿⣿⣿⣿⣿⣿⣿⣿⣿⣿⣿⣿⣿⣿⣿⣿⣿⣿⣿⣿⣿⣿[38;2;42;206;255m⣿[0m
[38;2;0;164;244m⣿[38;2;0;170;254m⣿⣿⣿⣿⣿⣿⣿⣿⣿⣿⣿⣿⣿⣿⣿⣿⣿⣿⣿⣿[38;2;0;171;255m⣷[38;2;0;154;231m⣦[38;2;0;166;249m⡀[0m          [38;2;0;122;189m⣠[38;2;0;128;199m⣾[38;2;0;141;220m⣿[38;2;0;140;219m⣿[38;2;0;141;219m⣿⣿⣿⣿⣿⣿⣿⣿⣿⣿⣿⣿⣿⣿⣿⣿⣿⣿⣿⣿⣿⣿⣿⣿⣿⣿[38;2;0;140;219m⣿[38;2;0;141;219m⣿[38;2;0;138;214m⡿[38;2;0;130;204m⠛[38;2;0;112;177m⠁[0m      [38;2;42;200;255m⣿[38;2;43;206;255m⣿⣿⣿⣿⣿⣿⣿⣿⣿⣿⣿⣿⣿⣿⣿⣿⣿⣿⣿⣿⣿⣿⣿[38;2;42;205;255m⣿[0m
[38;2;0;151;225m⠻[38;2;0;171;255m⣿[38;2;0;169;254m⣿[38;2;0;170;254m⣿⣿[38;2;0;169;254m⣿[38;2;0;170;254m⣿⣿[38;2;0;169;254m⣿[38;2;0;170;254m⣿⣿⣿⣿⣿[38;2;0;169;254m⣿⣿[38;2;0;170;254m⣿⣿[38;2;0;169;254m⣿[38;2;0;170;254m⣿⣿⣿[38;2;0;169;253m⣿[38;2;0;170;255m⣿[38;2;0;157;235m⣷[38;2;0;171;255m⣄[38;2;0;96;144m⡀[0m     [38;2;0;135;216m⣠[38;2;0;134;212m⣾[38;2;0;139;218m⣿⣿⣿⣿[38;2;0;140;219m⣿⣿⣿⣿⣿⣿⣿⣿⣿⣿⣿⣿⣿⣿⣿⣿⣿⣿⣿⣿⣿⣿⣿⣿[38;2;0;140;218m⣿[38;2;0;135;212m⣿[38;2;0;136;213m⠟[38;2;0;118;184m⠉[0m         [38;2;42;200;255m⣿[38;2;43;205;255m⣿[38;2;43;206;255m⣿⣿⣿⣿⣿⣿⣿⣿⣿⣿⣿⣿⣿⣿⣿⣿⣿⣿⣿⣿⣿⣿[38;2;42;205;255m⣿[0m
 [38;2;0;124;188m⠙[38;2;0;171;255m⠻[38;2;0;169;254m⣿[38;2;0;168;253m⣿[38;2;0;169;254m⣿⣿⣿⣿⣿⣿⣿⣿⣿⣿⣿⣿⣿⣿⣿⣿⣿⣿⣿⣿[38;2;0;168;253m⣿[38;2;0;165;249m⣿[38;2;0;168;253m⣦[38;2;0;132;199m⣄[0m [38;2;0;133;220m⣠[38;2;0;132;214m⣾[38;2;0;132;213m⣿[38;2;0;134;214m⣿[38;2;0;135;216m⣿[38;2;0;136;217m⣿[38;2;0;138;217m⣿⣿[38;2;0;139;218m⣿⣿[38;2;0;140;218m⣿⣿⣿⣿⣿⣿⣿⣿⣿⣿⣿⣿⣿⣿⣿⣿⣿⣿⣿[38;2;0;139;218m⣿[38;2;0;140;219m⣿[38;2;0;134;211m⠿[38;2;0;136;213m⠋[0m            [38;2;42;199;255m⣿[38;2;43;205;255m⣿⣿⣿⣿⣿⣿⣿⣿⣿⣿⣿⣿⣿⣿⣿⣿⣿⣿⣿⣿⣿⣿⣿[38;2;42;204;255m⣿[0m
   [38;2;0;169;254m⠈[38;2;0;165;249m⠻[38;2;0;166;252m⣿[38;2;0;168;253m⣿[38;2;0;168;254m⣿⣿⣿⣿⣿⣿⣿⣿⣿⣿⣿⣿⣿⣿⣿⣿⣿⣿⣿⣿⣿⣿[38;2;0;163;249m⣿[38;2;0;146;232m⣿[38;2;0;130;214m⣿[38;2;0;126;208m⣿[38;2;0;128;211m⣿[38;2;0;130;212m⣿[38;2;0;132;213m⣿[38;2;0;134;214m⣿[38;2;0;135;216m⣿[38;2;0;136;216m⣿⣿[38;2;0;138;217m⣿⣿[38;2;0;139;217m⣿[38;2;0;139;218m⣿⣿⣿⣿⣿⣿⣿⣿⣿⣿⣿⣿⣿⣿⣿[38;2;0;138;217m⡿[38;2;0;133;208m⠛[38;2;0;126;196m⠁[0m              [38;2;42;199;255m⣿[38;2;43;204;255m⣿[38;2;43;205;255m⣿⣿⣿⣿⣿⣿⣿⣿⣿⣿⣿⣿⣿⣿⣿⣿⣿⣿⣿⣿⣿⣿[38;2;42;204;255m⣿[0m
     [38;2;0;134;202m⠈[38;2;0;151;229m⠻[38;2;0;160;243m⣿[38;2;0;166;253m⣿[38;2;0;168;253m⣿⣿⣿⣿⣿⣿⣿⣿⣿⣿⣿⣿⣿⣿⣿⣿⣿⣿⣿⣿⣿[38;2;0;166;253m⣿[38;2;0;168;253m⣿[38;2;0;157;242m⣿[38;2;0;140;225m⣿[38;2;0;126;210m⣿[38;2;0;127;210m⣿[38;2;0;128;211m⣿[38;2;0;130;212m⣿[38;2;0;132;213m⣿[38;2;0;133;214m⣿[38;2;0;135;214m⣿[38;2;0;136;216m⣿⣿[38;2;0;138;217m⣿⣿⣿[38;2;0;139;217m⣿⣿⣿⣿⣿⣿[38;2;0;139;218m⣿[38;2;0;139;217m⣿[38;2;0;138;217m⣿[38;2;0;136;214m⣿[38;2;0;138;218m⠟[38;2;0;127;198m⠉[0m                 [38;2;40;198;255m⣿[38;2;42;204;255m⣿[38;2;43;204;255m⣿[38;2;42;204;255m⣿⣿⣿[38;2;43;204;255m⣿[38;2;42;204;255m⣿⣿[38;2;43;204;255m⣿[38;2;42;204;255m⣿⣿[38;2;43;204;255m⣿[38;2;42;204;255m⣿⣿[38;2;43;204;255m⣿[38;2;42;204;255m⣿⣿⣿⣿⣿⣿⣿⣿[38;2;42;202;255m⣿[0m
       [38;2;0;84;126m⠈[38;2;0;172;255m⠙[38;2;0;166;253m⢿⣿⣿⣿⣿⣿⣿⣿⣿⣿⣿⣿⣿⣿⣿⣿⣿⣿⣿⣿⣿⣿⣿⣿⣿[38;2;0;165;250m⣿[38;2;0;150;236m⣿[38;2;0;134;218m⣿[38;2;0;124;207m⣿[38;2;0;127;210m⣿[38;2;0;128;211m⣿[38;2;0;130;212m⣿[38;2;0;132;213m⣿[38;2;0;133;214m⣿[38;2;0;134;214m⣿[38;2;0;135;214m⣿[38;2;0;136;216m⣿⣿[38;2;0;138;216m⣿[38;2;0;138;217m⣿⣿⣿[38;2;0;138;216m⣿[38;2;0;138;218m⣿[38;2;0;127;200m⡿[38;2;0;139;218m⠋[0m                    [38;2;40;198;255m⣿[38;2;42;202;255m⣿[38;2;42;204;255m⣿⣿⣿⣿⣿⣿⣿⣿⣿⣿⣿⣿⣿⣿⣿⣿⣿⣿⣿⣿⣿⣿[38;2;42;202;255m⣿[0m
          [38;2;0;158;241m⠙⢿[38;2;0;166;253m⣿[38;2;0;165;253m⣿⣿⣿⣿⣿⣿⣿⣿⣿⣿⣿⣿⣿⣿⣿⣿⣿⣿⣿⣿⣿⣿⣿[38;2;0;166;253m⣿[38;2;0;160;247m⣿[38;2;0;144;229m⣿[38;2;0;127;212m⣿[38;2;0;124;207m⣿[38;2;0;127;210m⣿[38;2;0;129;211m⣿[38;2;0;130;211m⣿[38;2;0;132;212m⣿[38;2;0;134;213m⣿[38;2;0;134;214m⣿[38;2;0;135;214m⣿[38;2;0;136;216m⣿⣿[38;2;0;138;218m⡿[38;2;0;124;198m⠟[38;2;0;135;212m⠁[0m                      [38;2;40;196;255m⣿[38;2;42;202;255m⣿⣿⣿⣿⣿⣿⣿⣿⣿⣿⣿⣿⣿⣿⣿⣿⣿⣿⣿⣿⣿⣿⣿⣿[0m
            [38;2;0;130;199m⠙[38;2;0;154;237m⠿[38;2;0;165;254m⣿[38;2;0;164;252m⣿[38;2;0;165;253m⣿⣿⣿⣿⣿⣿⣿⣿⣿⣿⣿⣿⣿⣿⣿⣿⣿⣿⣿⣿⣿⣿[38;2;0;164;252m⣿[38;2;0;165;253m⣿[38;2;0;153;240m⣿[38;2;0;136;223m⣿[38;2;0;123;207m⣿[38;2;0;124;207m⣿[38;2;0;127;210m⣿[38;2;0;128;211m⣿[38;2;0;130;211m⣿[38;2;0;132;212m⣿[38;2;0;135;217m⠟[38;2;0;116;184m⠋[0m                         [38;2;40;195;255m⣿[38;2;42;201;255m⣿[38;2;42;202;255m⣿⣿⣿⣿⣿⣿⣿⣿⣿⣿⣿⣿⣿⣿⣿⣿⣿⣿⣿⣿⣿⣿[38;2;42;201;255m⣿[0m
              [38;2;0;170;255m⠈[38;2;0;164;250m⠻[38;2;0;163;249m⣿[38;2;0;164;252m⣿⣿⣿⣿⣿⣿⣿⣿⣿⣿⣿⣿⣿⣿⣿⣿⣿⣿⣿⣿⣿⣿⣿⣿⣿[38;2;0;162;249m⣿[38;2;0;146;232m⣿[38;2;0;130;216m⣿[38;2;0;117;196m⡿[38;2;0;130;216m⠋[38;2;0;88;146m⠁[0m                           [38;2;40;195;255m⣿[38;2;42;201;255m⣿⣿⣿⣿⣿⣿⣿⣿⣿⣿⣿⣿⣿⣿⣿⣿⣿⣿⣿⣿⣿⣿⣿⣿[0m
              [38;2;0;129;214m⢀[38;2;0;123;206m⣴[38;2;0;126;210m⣿[38;2;0;146;231m⣿[38;2;0;163;250m⣿⣿[38;2;0;164;252m⣿⣿⣿⣿⣿⣿⣿⣿⣿⣿⣿⣿⣿⣿⣿⣿⣿⣿⣿⣿⣿⣿⣿⣿⣿[38;2;0;156;240m⣷[38;2;0;169;255m⣄[38;2;0;112;174m⡀[0m                           [38;2;40;194;255m⣿[38;2;42;200;255m⣿[38;2;42;201;255m⣿⣿⣿⣿⣿⣿⣿⣿⣿⣿⣿⣿⣿⣿⣿⣿⣿⣿⣿⣿⣿⣿[38;2;42;200;255m⣿[0m
            [38;2;0;104;168m⣠[38;2;0;134;216m⣴[38;2;0;129;211m⣿[38;2;0;127;208m⣿[38;2;0;124;207m⣿[38;2;0;123;206m⣿[38;2;0;124;207m⣿[38;2;0;141;228m⣿[38;2;0;159;248m⣿[38;2;0;163;252m⣿⣿⣿⣿⣿⣿⣿⣿⣿⣿⣿⣿⣿⣿⣿⣿⣿⣿⣿⣿⣿⣿⣿⣿⣿[38;2;0;162;250m⣿[38;2;0;162;249m⣿[38;2;0;164;254m⣦[38;2;0;140;217m⣄[0m                         [38;2;40;194;255m⣿[38;2;42;200;255m⣿⣿⣿⣿⣿⣿⣿⣿⣿⣿⣿⣿⣿⣿⣿⣿⣿⣿⣿⣿⣿⣿⣿⣿[0m
          [38;2;0;128;204m⣠[38;2;0;127;204m⣾[38;2;0;133;213m⣿[38;2;0;132;212m⣿⣿[38;2;0;130;211m⣿[38;2;0;129;210m⣿[38;2;0;127;208m⣿[38;2;0;126;207m⣿[38;2;0;122;206m⣿[38;2;0;121;205m⣿[38;2;0;136;223m⣿[38;2;0;156;244m⣿[38;2;0;162;252m⣿⣿⣿⣿⣿⣿⣿⣿⣿⣿⣿⣿⣿⣿⣿⣿⣿⣿⣿⣿⣿⣿⣿⣿⣿⣿[38;2;0;163;252m⣿[38;2;0;163;253m⣷[38;2;0;147;229m⣦[38;2;0;158;247m⡀[0m                      [38;2;39;193;255m⣿[38;2;40;199;255m⣿[38;2;40;200;255m⣿⣿⣿⣿⣿⣿⣿⣿⣿⣿⣿⣿⣿⣿⣿⣿⣿⣿⣿⣿⣿⣿[38;2;40;199;255m⣿[0m
        [38;2;0;139;220m⣠[38;2;0;134;213m⣾⣿⣿⣿⣿[38;2;0;133;212m⣿[38;2;0;132;212m⣿[38;2;0;132;211m⣿[38;2;0;130;211m⣿[38;2;0;128;210m⣿[38;2;0;127;208m⣿[38;2;0;124;207m⣿[38;2;0;123;206m⣿[38;2;0;121;204m⣿[38;2;0;133;218m⣿[38;2;0;152;240m⣿[38;2;0;162;250m⣿⣿⣿⣿⣿⣿⣿⣿⣿⣿⣿⣿⣿⣿⣿⣿⣿⣿⣿⣿⣿⣿⣿⣿⣿⣿[38;2;0;160;249m⣿[38;2;0;162;252m⣿[38;2;0;150;231m⣷[38;2;0;163;253m⣄[38;2;0;91;141m⡀[0m                   [38;2;39;193;255m⣿[38;2;40;199;255m⣿⣿⣿⣿⣿⣿⣿⣿⣿⣿⣿⣿⣿⣿⣿⣿⣿⣿⣿⣿⣿⣿⣿⣿[0m
     [38;2;0;106;170m⢀[38;2;0;120;192m⣴[38;2;0;134;217m⣾[38;2;0;132;212m⣿[38;2;0;133;213m⣿⣿⣿⣿⣿⣿[38;2;0;133;212m⣿[38;2;0;132;212m⣿[38;2;0;130;212m⣿[38;2;0;130;211m⣿[38;2;0;129;210m⣿[38;2;0;128;210m⣿[38;2;0;127;208m⣿[38;2;0;124;206m⣿[38;2;0;122;205m⣿[38;2;0;120;204m⣿[38;2;0;128;213m⣿[38;2;0;147;236m⣿[38;2;0;160;250m⣿[38;2;0;160;249m⣿[38;2;0;160;250m⣿⣿⣿⣿⣿⣿⣿⣿⣿⣿⣿⣿⣿⣿⣿⣿⣿⣿⣿⣿⣿⣿⣿⣿⣿[38;2;0;160;249m⣿[38;2;0;158;246m⣿[38;2;0;160;249m⣦[38;2;0;126;196m⣄[0m                 [38;2;39;192;255m⣿[38;2;40;198;255m⣿[38;2;40;199;255m⣿⣿⣿⣿⣿⣿⣿⣿⣿⣿⣿⣿⣿⣿⣿⣿⣿⣿⣿⣿⣿⣿[38;2;40;198;255m⣿[0m
   [38;2;0;133;212m⢀[38;2;0;130;208m⣴[38;2;0;132;210m⣿[38;2;0;132;211m⣿[38;2;0;133;212m⣿⣿⣿⣿⣿⣿⣿⣿⣿⣿⣿[38;2;0;132;211m⣿⣿[38;2;0;130;211m⣿[38;2;0;129;210m⣿[38;2;0;128;208m⣿[38;2;0;126;207m⣿[38;2;0;124;206m⣿[38;2;0;122;205m⣿[38;2;0;120;204m⣿[38;2;0;124;208m⣿[38;2;0;144;231m⣿[38;2;0;159;249m⣿⣿[38;2;0;160;250m⣿⣿⣿⣿⣿⣿⣿⣿⣿⣿⣿⣿⣿⣿⣿⣿⣿⣿⣿⣿⣿⣿⣿⣿⣿⣿⣿[38;2;0;159;249m⣷[38;2;0;139;217m⣦[38;2;0;145;226m⡀[0m              [38;2;39;192;255m⣿[38;2;40;198;255m⣿⣿⣿⣿⣿⣿⣿⣿⣿⣿⣿⣿⣿⣿⣿⣿⣿⣿⣿⣿⣿⣿⣿⣿[0m
 [38;2;0;110;177m⣀[38;2;0;134;216m⣴[38;2;0;132;212m⣿[38;2;0;132;211m⣿[38;2;0;132;212m⣿⣿⣿⣿⣿⣿⣿⣿⣿⣿⣿⣿⣿⣿⣿[38;2;0;130;211m⣿⣿[38;2;0;129;210m⣿[38;2;0;128;210m⣿[38;2;0;128;208m⣿[38;2;0;126;207m⣿[38;2;0;122;202m⣿[38;2;0;122;204m⠟[38;2;0;108;184m⠉[38;2;0;97;152m⠈[38;2;0;146;230m⠛[38;2;0;160;253m⢿[38;2;0;158;249m⣿[38;2;0;159;250m⣿⣿⣿⣿⣿⣿⣿⣿⣿⣿⣿⣿⣿⣿⣿⣿⣿⣿⣿⣿⣿⣿⣿⣿⣿⣿[38;2;0;158;249m⣿[38;2;0;159;250m⣿[38;2;0;153;242m⣶[38;2;0;154;243m⣄[0m            [38;2;39;190;255m⣿[38;2;40;196;255m⣿[38;2;40;198;255m⣿⣿⣿⣿⣿⣿⣿⣿⣿⣿⣿⣿⣿⣿⣿⣿⣿⣿⣿⣿⣿⣿[38;2;40;196;255m⣿[0m
[38;2;0;127;205m⣰[38;2;0;132;212m⣿[38;2;0;132;211m⣿⣿⣿⣿⣿⣿⣿⣿⣿⣿⣿⣿⣿⣿⣿⣿⣿⣿⣿⣿[38;2;0;130;210m⣿[38;2;0;130;212m⣿[38;2;0;120;194m⡿[38;2;0;129;212m⠋[0m      [38;2;0;158;248m⠙[38;2;0;154;243m⢿[38;2;0;158;249m⣿⣿⣿⣿⣿⣿⣿⣿⣿⣿⣿⣿⣿⣿⣿⣿⣿⣿⣿⣿⣿⣿⣿⣿⣿⣿⣿⣿[38;2;0;158;248m⣿[38;2;0;153;241m⣿[38;2;0;154;243m⣦[38;2;0;133;211m⣀[0m         [38;2;39;190;255m⣿[38;2;40;196;255m⣿⣿⣿⣿⣿⣿⣿⣿⣿⣿⣿⣿⣿⣿⣿⣿⣿⣿⣿⣿⣿⣿⣿⣿[0m
[38;2;0;126;204m⣿[38;2;0;129;210m⣿[38;2;0;130;211m⣿⣿⣿⣿⣿⣿⣿⣿⣿⣿⣿⣿⣿⣿⣿⣿⣿⣿⣿[38;2;0;132;212m⡿[38;2;0;120;192m⠟[38;2;0;128;207m⠁[0m          [38;2;0;136;214m⠙[38;2;0;142;225m⢿[38;2;0;158;250m⣿[38;2;0;157;248m⣿[38;2;0;158;249m⣿⣿⣿⣿⣿⣿⣿⣿⣿⣿⣿⣿⣿⣿⣿⣿⣿⣿⣿⣿⣿⣿⣿⣿⣿⣿[38;2;0;157;248m⣿[38;2;0;158;250m⣿[38;2;0;154;243m⣷[38;2;0;146;231m⣤[38;2;0;126;201m⡀[0m      [38;2;38;189;255m⣿[38;2;39;195;255m⣿[38;2;39;196;255m⣿⣿⣿⣿⣿⣿⣿⣿⣿⣿⣿⣿⣿⣿⣿⣿⣿⣿⣿⣿⣿⣿[38;2;39;195;255m⣿[0m
[38;2;0;122;199m⠘[38;2;0;130;211m⢿[38;2;0;129;210m⣿[38;2;0;130;210m⣿⣿⣿⣿⣿⣿⣿⣿⣿⣿⣿⣿⣿⣿[38;2;0;129;210m⣿[38;2;0;129;208m⣿[38;2;0;132;213m⠟[38;2;0;112;182m⠋[0m               [38;2;0;122;194m⠉[38;2;0;158;252m⠻[38;2;0;157;249m⣿[38;2;0;156;248m⣿[38;2;0;157;249m⣿⣿⣿⣿⣿⣿⣿⣿⣿⣿⣿⣿⣿⣿⣿⣿⣿⣿⣿⣿⣿⣿⣿⣿⣿⣿⣿[38;2;0;156;248m⣿[38;2;0;156;249m⣿[38;2;0;146;234m⣶[38;2;0;141;229m⣄[0m    [38;2;38;189;255m⣿[38;2;39;195;255m⣿⣿⣿⣿⣿⣿⣿⣿⣿⣿⣿⣿⣿⣿⣿⣿⣿⣿⣿⣿⣿⣿⣿⣿[0m
  [38;2;0;124;202m⠙[38;2;0;123;200m⢿[38;2;0;129;210m⣿⣿⣿⣿⣿⣿⣿⣿⣿⣿[38;2;0;128;208m⣿[38;2;0;129;211m⣿[38;2;0;123;200m⡿[38;2;0;133;216m⠋[38;2;0;90;145m⠁[0m                   [38;2;0;147;234m⠈[38;2;0;150;238m⠻[38;2;0;153;244m⣿[38;2;0;156;248m⣿⣿⣿⣿[38;2;0;156;249m⣿[38;2;0;156;248m⣿[38;2;0;156;249m⣿[38;2;0;156;248m⣿⣿[38;2;0;156;249m⣿[38;2;0;156;248m⣿⣿⣿⣿⣿⣿[38;2;0;156;249m⣿[38;2;0;156;248m⣿⣿[38;2;0;156;249m⣿[38;2;0;156;248m⣿⣿[38;2;0;156;249m⣿[38;2;0;156;248m⣿⣿⣿⣿[38;2;0;154;248m⣿⣿[38;2;0;152;247m⣿[38;2;0;142;235m⣿[38;2;0;139;232m⣦[38;2;0;148;253m⡀[0m [38;2;38;188;255m⣿[38;2;39;194;255m⣿[38;2;39;195;255m⣿⣿⣿⣿⣿⣿⣿⣿⣿⣿⣿⣿⣿⣿⣿⣿⣿⣿⣿⣿⣿⣿[38;2;39;194;255m⣿[0m
    [38;2;0;104;169m⠙[38;2;0;132;213m⠻[38;2;0;129;210m⣿[38;2;0;128;208m⣿[38;2;0;129;208m⣿⣿⣿⣿[38;2;0;128;208m⣿[38;2;0;130;212m⡿[38;2;0;122;199m⠟[38;2;0;133;217m⠁[0m                        [38;2;0;106;170m⠈[38;2;0;133;212m⠻[38;2;0;157;252m⢿[38;2;0;154;247m⣿[38;2;0;156;248m⣿⣿⣿⣿⣿⣿⣿⣿⣿⣿⣿⣿⣿⣿⣿⣿⣿⣿⣿⣿⣿⣿⣿⣿[38;2;0;154;248m⣿[38;2;0;153;247m⣿[38;2;0;152;247m⣿[38;2;0;150;246m⣿[38;2;0;146;244m⣿[38;2;0;144;244m⣿[38;2;0;133;231m⣷[38;2;38;190;255m⣿[38;2;39;194;255m⣿⣿⣿⣿⣿⣿⣿⣿⣿⣿⣿⣿⣿⣿⣿⣿⣿⣿⣿⣿⣿⣿⣿⣿[0m
      [38;2;0;133;216m⠈[38;2;0;122;199m⠻[38;2;0;129;211m⠿[38;2;0;118;192m⣿[38;2;0;129;211m⠿[38;2;0;128;208m⠟[38;2;0;118;192m⠋[0m                              [38;2;0;157;250m⠙[38;2;0;152;243m⢿[38;2;0;154;248m⣿⣿⣿⣿⣿⣿⣿⣿⣿⣿⣿⣿⣿⣿⣿⣿⣿⣿⣿⣿⣿⣿⣿[38;2;0;153;248m⣿[38;2;0;153;247m⣿[38;2;0;151;247m⣿[38;2;0;148;246m⣿[38;2;0;145;244m⣿[38;2;0;141;243m⣿[38;2;1;140;242m⣿[38;2;38;193;255m⣿[38;2;39;194;255m⣿⣿⣿⣿⣿⣿⣿⣿⣿⣿⣿⣿⣿⣿⣿⣿⣿⣿⣿⣿⣿⣿⣿[38;2;39;193;255m⣿[0m
                                             [38;2;0;139;223m⠙[38;2;0;142;229m⢿[38;2;0;154;249m⣿[38;2;0;153;247m⣿[38;2;0;154;248m⣿⣿⣿⣿⣿⣿⣿⣿⣿⣿⣿⣿⣿⣿⣿⣿⣿⣿[38;2;0;153;248m⣿⣿[38;2;0;153;247m⣿[38;2;0;151;247m⣿[38;2;0;147;246m⣿[38;2;0;145;244m⣿[38;2;0;141;243m⣿[38;2;1;139;242m⣿[38;2;38;192;255m⣿[38;2;39;193;255m⣿⣿⣿⣿⣿⣿⣿⣿⣿⣿⣿⣿⣿⣿⣿⣿⣿⣿⣿⣿⣿⣿⣿⣿[0m
                                               [38;2;0;126;202m⠉[38;2;0;156;252m⠻[38;2;0;153;248m⣿[38;2;0;152;247m⣿[38;2;0;153;247m⣿⣿⣿⣿⣿⣿⣿⣿⣿⣿⣿⣿⣿⣿⣿⣿⣿[38;2;0;152;247m⣿[38;2;0;151;247m⣿[38;2;0;150;247m⣿[38;2;0;147;246m⣿[38;2;0;144;244m⣿[38;2;0;140;242m⣿[38;2;1;138;242m⣿[38;2;38;192;255m⣿[38;2;39;193;255m⣿⣿⣿⣿⣿⣿⣿⣿⣿⣿[38;2;38;193;255m⣿[38;2;39;193;255m⣿⣿⣿⣿⣿⣿⣿⣿⣿⣿⣿⣿[38;2;39;192;255m⣿[0m
                                                 [38;2;0;150;240m⠈[38;2;0;148;240m⠻[38;2;0;151;243m⣿[38;2;0;152;246m⣿[38;2;0;153;247m⣿⣿⣿⣿⣿⣿⣿⣿⣿⣿⣿⣿⣿⣿[38;2;0;152;247m⣿⣿[38;2;0;151;246m⣿[38;2;0;148;246m⣿[38;2;0;146;244m⣿[38;2;0;144;243m⣿[38;2;0;140;242m⣿[38;2;1;138;242m⣿[38;2;37;190;255m⣿[38;2;38;192;255m⣿⣿⣿⣿⣿⣿⣿⣿⣿⣿⣿⣿⣿⣿⣿⣿⣿⣿⣿⣿⣿⣿⣿⣿[0m
                                                   [38;2;0;114;184m⠈[38;2;0;133;217m⠻[38;2;0;145;235m⣿[38;2;0;151;246m⣿[38;2;0;152;247m⣿⣿⣿⣿⣿⣿⣿⣿⣿⣿⣿⣿⣿[38;2;0;151;247m⣿[38;2;0;150;246m⣿[38;2;0;148;246m⣿[38;2;0;146;244m⣿[38;2;0;142;243m⣿[38;2;0;139;242m⣿[38;2;1;136;241m⣿[38;2;37;190;255m⣿[38;2;38;192;255m⣿⣿⣿⣿⣿⣿⣿⣿⣿⣿⣿⣿⣿⣿⣿⣿⣿⣿⣿⣿⣿⣿⣿[38;2;38;190;255m⣿[0m
                                                      [38;2;0;156;253m⠙[38;2;0;150;244m⢿[38;2;0;151;247m⣿⣿⣿⣿⣿⣿⣿⣿⣿⣿⣿⣿[38;2;0;150;247m⣿[38;2;0;150;246m⣿[38;2;0;147;246m⣿[38;2;0;145;244m⣿[38;2;0;141;243m⣿[38;2;0;139;242m⣿[38;2;1;136;241m⣿[38;2;37;189;255m⣿[38;2;38;190;255m⣿⣿⣿⣿⣿⣿⣿⣿⣿⣿⣿⣿⣿⣿⣿⣿⣿⣿⣿⣿⣿⣿⣿[38;2;34;176;255m⡿[0m
                                                        [38;2;0;140;229m⠙[38;2;0;141;231m⢿[38;2;0;151;247m⣿[38;2;0;151;246m⣿⣿⣿⣿⣿⣿⣿⣿⣿[38;2;0;150;246m⣿[38;2;0;148;246m⣿[38;2;0;147;244m⣿[38;2;0;145;243m⣿[38;2;0;141;243m⣿[38;2;0;138;241m⣿[38;2;1;135;241m⣿[38;2;37;189;255m⣿[38;2;38;190;255m⣿⣿⣿⣿⣿⣿⣿⣿⣿⣿⣿⣿⣿⣿⣿⣿⣿⣿⣿⣿⣿⣿[38;2;36;177;255m⡿[38;2;30;147;224m⠁[0m
                                                          [38;2;0;112;184m⠙[38;2;0;152;250m⠻[38;2;0;150;246m⣿[38;2;0;148;244m⣿[38;2;0;150;246m⣿⣿⣿⣿⣿⣿[38;2;0;148;246m⣿[38;2;0;147;244m⣿[38;2;0;146;244m⣿[38;2;0;144;243m⣿[38;2;0;140;242m⣿[38;2;0;138;241m⣿[38;2;1;135;240m⣿[38;2;37;188;255m⣿[38;2;38;189;255m⣿⣿⣿⣿⣿⣿⣿⣿⣿⣿⣿⣿⣿⣿⣿⣿⣿[38;2;37;189;255m⣿[38;2;38;190;255m⣿[38;2;36;181;255m⡿[38;2;36;178;255m⠟[38;2;30;148;223m⠋[0m
                                                            [38;2;0;151;247m⠈[38;2;0;147;242m⠻[38;2;0;147;243m⣿[38;2;0;148;244m⣿[38;2;0;148;246m⣿⣿⣿⣿[38;2;0;147;246m⣿[38;2;0;147;244m⣿[38;2;0;145;244m⣿[38;2;0;142;243m⣿[38;2;0;140;242m⣿[38;2;0;136;240m⣿[38;2;1;134;240m⣿[38;2;37;188;255m⣿[38;2;38;189;255m⣿⣿⣿⣿⣿⣿⣿⣿⣿⣿⣿⣿[38;2;38;188;255m⣿[38;2;38;189;255m⣿[38;2;37;188;255m⣿[38;2;34;174;255m⡿[38;2;34;170;255m⠟[38;2;32;162;244m⠋[38;2;21;106;163m⠁[0m
                                                              [38;2;0;118;196m⠈[38;2;0;133;222m⠻[38;2;0;142;236m⣿[38;2;0;147;244m⣿[38;2;0;148;246m⣿[38;2;0;147;246m⣿[38;2;0;147;244m⣿[38;2;0;146;244m⣿[38;2;0;144;243m⣿[38;2;0;141;242m⣿[38;2;0;139;242m⣿[38;2;0;135;241m⣿[38;2;1;134;240m⣿[38;2;37;187;255m⣿[38;2;37;188;255m⣿⣿⣿⣿⣿⣿⣿⣿⣿[38;2;37;189;255m⣿[38;2;37;184;255m⣿⠿⠛[38;2;37;182;255m⠉[38;2;16;80;122m⠁[0m
                                                                 [38;2;0;153;254m⠙[38;2;0;147;244m⢿[38;2;0;146;244m⣿⣿[38;2;0;145;243m⣿[38;2;0;142;243m⣿[38;2;0;141;242m⣿[38;2;0;139;241m⣿[38;2;0;135;240m⣿[38;2;1;134;240m⣿[38;2;36;187;255m⣿[38;2;37;188;255m⣿⣿⣿⣿[38;2;36;187;255m⣿[38;2;37;189;255m⣿[38;2;34;180;255m⣿[38;2;34;178;255m⠿[38;2;34;177;255m⠛[38;2;32;165;253m⠉[0m
                                                                   [38;2;0;139;234m⠙[38;2;0;139;231m⢿[38;2;0;145;243m⣿[38;2;0;142;242m⣿[38;2;0;141;242m⣿[38;2;0;139;241m⣿[38;2;0;136;240m⣿[38;2;16;158;255m⣿[38;2;37;188;255m⣿[38;2;37;187;255m⣿[38;2;37;189;255m⣿[38;2;34;175;255m⣿[38;2;33;172;255m⠿[38;2;33;168;255m⠛[38;2;28;146;223m⠉[0m
                                                                     [38;2;1;127;214m⠉[38;2;7;136;228m⠻[38;2;12;152;250m⠿[38;2;18;153;248m⢿[38;2;27;158;248m⣿[38;2;37;186;255m⠿[38;2;36;181;255m⠟[38;2;31;156;241m⠛[38;2;24;123;189m⠉[0m